3.83287e-08
0
4.51143e-08
2.18661e-13
5.56589e-14
3.0205e-13
2.02135e-13
9.37202e-08
1.01668e-12
1.66809e-07
4.61467e-06
4.73343e-06
4.40899e-06
4.6109e-06
1.99096e-07
9.9434e-13
6.90654e-13
1.29557e-12
1.12002e-12
1.33946e-12
1.27966e-12
9.31597e-13
5.52135e-13
4.41619e-08
4.82301e-08
1.80075e-12
1.11631e-07
5.63031e-06
9.04582e-08
7.29932e-13
1.38604e-07
3.47956e-07
2.71506e-13
6.8689e-13
9.31259e-13
3.83744e-13
6.02633e-13
2.11065e-07
4.66629e-13
4.15192e-13
7.49029e-13
1.04707e-12
2.69045e-13
4.07614e-08
6.41531e-13
1.72016e-07
8.10426e-13
3.11712e-13
1.86471e-13
1.51793e-12
1.58564e-12
1.83791e-07
4.97844e-08
1.45354e-12
9.61508e-13
1.28254e-05
1.10301e-08
2.31728e-08
1.07781e-08
3.50044e-08
3.9133e-08
1.07894e-08
2.65694e-08
1.14214e-08
1.15796e-08
1.0975e-08
1.12261e-08
7.6204e-08
1.05735e-07
9.02449e-08
1.20909e-07
2.41747e-07
2.12727e-07
4.32641e-13
3.61263e-12
5.6245e-12
5.89262e-07
9.3275e-12
2.17935e-07
4.37407e-12
2.93874e-12
6.12407e-08
8.05852e-08
5.6995e-08
9.15261e-08
1.02588e-12
9.59956e-08
1.281e-12
3.66364e-07
8.63113e-08
1.16861e-12
1.57204e-12
1.8514e-12
1.97912e-12
3.94885e-13
1.60976e-12
1.22872e-12
2.45568e-08
9.22026e-13
8.49168e-06
