0.855522
0.873326
0.85793
0.863524
0.876293
0.856776
0.86565
0.863627
0.867545
0.852919
0.853518
0.840364
0.859175
0.849264
0.857159
0.863744
0.854805
0.858452
0.876432
0.856627
0.859231
0.860864
0.863931
0.846676
0.853272
0.861104
0.850042
0.858439
0.868576
0.870571
0.862001
0.852956
0.867509
0.870102
0.869498
0.863701
0.863159
0.841241
0.861363
0.849204
0.853674
0.851444
0.860423
0.837719
0.850507
0.846048
0.868736
0.856795
0.86029
0.856113
0.869086
0.84647
0.83909
0.863424
0.857595
0.842908
0.854461
0.847641
0.860271
0.86189
0.843429
0.862491
0.856538
0.855817
0.855831
0.86455
0.853755
0.838162
0.841632
0.836919
0.845317
0.84914
0.849771
0.872959
0.864205
0.853342
0.838337
0.847125
0.839948
0.845975
0.854646
0.839387
0.848082
0.840112
0.838352
0.866834
0.840636
0.861515
0.857519
0.856036
0.870207
0.868466
0.872533
0.86744
0.879373
0.862083
0.869585
0.847118
0.873858
0.850982

