inner_threads 1
k 0
0.321334
0.300501
0.295311
0.290865
0.287312
0.299751
0.291799
0.308621
0.296572
0.288757
0.290259
0.283979
0.298627
0.281861
0.291608
0.293438
0.291842
0.293055
0.289731
0.293212
0.29062
0.292697
0.291712
0.293221
0.289955
0.293455
0.289526
0.291398
0.289233
0.287093
k 1
0.303471
0.301099
0.294481
0.28939
0.288053
0.298579
0.291209
0.309408
0.297611
0.290838
0.295989
0.283185
0.297248
0.281212
0.292036
0.293956
0.29177
0.293757
0.291088
0.293693
0.291097
0.292626
0.293483
0.292466
0.291683
0.29261
0.292272
0.292493
0.290537
0.286817
k 2
0.301348
0.301267
0.294752
0.290063
0.289036
0.298772
0.292235
0.309425
0.297657
0.29099
0.291555
0.28359
0.297863
0.280405
0.292254
0.295763
0.292141
0.295092
0.290854
0.295897
0.291485
0.293825
0.290795
0.29308
0.291698
0.293141
0.290661
0.293213
0.289229
0.288579
inner_threads 2
k 0
0.379977
0.363449
0.342057
0.334907
0.348762
0.352315
0.40271
0.362978
0.344195
0.363751
0.345757
0.320484
0.377344
0.329584
0.363609
0.352823
0.338062
0.354088
0.331556
0.354136
0.336868
0.353428
0.33281
0.354798
0.337272
0.353591
0.336187
0.344732
0.347244
0.337912
k 1
0.359416
0.366708
0.341828
0.35272
0.346458
0.356021
0.388302
0.365625
0.339308
0.341929
0.347851
0.3191
0.36192
0.32926
0.362911
0.35511
0.341186
0.356008
0.341311
0.355076
0.332858
0.355532
0.338559
0.353042
0.334898
0.355272
0.34263
0.347428
0.379824
0.34785
k 2
0.357966
0.362111
0.336726
0.342831
0.351752
0.352363
0.37828
0.368066
0.343919
0.344753
0.349963
0.318824
0.363268
0.335295
0.367533
0.35219
0.340252
0.355074
0.336279
0.350453
0.338201
0.353501
0.334167
0.352816
0.335833
0.351867
0.3342
0.342978
0.343847
0.341858
inner_threads 4
k 0
0.422533
0.444497
0.412461
0.407676
0.436191
0.449145
0.453183
0.449613
0.430284
0.403875
0.398491
0.400594
0.408173
0.385856
0.414921
0.382228
0.393946
0.391446
0.401125
0.380192
0.391967
0.389862
0.392457
0.38641
0.390771
0.38839
0.392091
0.408873
0.390758
0.396536
k 1
0.42386
0.445169
0.415556
0.406837
0.439266
0.449164
0.453432
0.447048
0.430353
0.402655
0.402158
0.399731
0.406253
0.381827
0.415386
0.388349
0.395071
0.399349
0.392769
0.395651
0.405602
0.384002
0.393778
0.397033
0.402583
0.389985
0.392152
0.406857
0.392818
0.38262
k 2
0.421583
0.444974
0.416036
0.415619
0.431796
0.447963
0.451827
0.448921
0.429113
0.40239
0.401416
0.400252
0.410222
0.381047
0.416421
0.384255
0.397375
0.396252
0.394537
0.397934
0.402263
0.38828
0.39134
0.395658
0.393445
0.379867
0.392863
0.409107
0.397188
0.395608
