inner_threads 1
k 0
1.02503
1.07264
1.01868
1.04605
0.968786
0.999751
1.01374
0.976776
0.950731
0.970585
0.940463
0.981727
0.944126
0.97728
0.960466
0.941842
0.947276
0.989183
0.966593
0.94438
0.965703
0.971399
0.967002
0.920129
0.917801
0.922364
0.924333
0.924564
1.01002
0.919549
k 1
1.04671
1.07626
1.01877
1.03654
1.0304
1.01414
1.01412
0.9848
0.933575
0.980563
0.905894
0.942016
0.94472
0.983418
0.962601
0.979732
0.917927
0.986508
0.975131
0.983466
0.92414
0.970349
0.969534
0.923126
0.925443
0.922577
0.915947
0.916116
1.04545
0.921264
k 2
1.03518
1.1452
1.01651
1.04313
1.0347
1.02192
1.01108
0.999117
0.967535
0.990375
0.95234
0.984167
0.947255
0.948326
0.926481
0.993093
0.956803
0.949972
0.982938
0.945647
0.945804
0.979128
0.93176
0.923901
0.924668
0.928948
0.935047
0.930767
1.02063
0.926267
inner_threads 2
k 0
1.35623
1.35155
1.2159
1.27676
1.18127
1.22751
1.18814
1.16854
1.13004
1.19725
1.11121
1.17602
1.1391
1.20343
1.17334
1.21966
1.15968
1.21577
1.17693
1.20782
1.18576
1.19036
1.14042
1.12845
1.14373
1.13099
1.13548
1.1174
1.13158
1.07652
k 1
1.30958
1.35344
1.19312
1.29776
1.16177
1.24743
1.2469
1.22737
1.15612
1.16878
1.15491
1.2112
1.12774
1.17199
1.12395
1.15376
1.13288
1.18343
1.18157
1.19388
1.19722
1.20151
1.19923
1.13296
1.0782
1.0784
1.17021
1.13973
1.1631
1.13828
k 2
1.26287
1.3102
1.22368
1.30151
1.15773
1.22194
1.22427
1.18666
1.12842
1.20937
1.11671
1.22075
1.12902
1.16604
1.12772
1.20758
1.24137
1.17922
1.19329
1.2327
1.17961
1.19405
1.19733
1.14129
1.0749
1.11573
1.12043
1.11349
1.15667
1.08923
inner_threads 4
k 0
1.49829
1.56267
1.53881
1.58541
1.41641
1.55765
1.48709
1.50883
1.38821
1.50091
1.39616
1.47897
1.37228
1.50246
1.36923
1.54102
1.45243
1.5096
1.48176
1.47691
1.46057
1.46858
1.44785
1.41084
1.42317
1.40462
1.44012
1.40724
1.45357
1.39665
k 1
1.5252
1.60324
1.55121
1.59773
1.44733
1.57471
1.51105
1.52121
1.40255
1.54527
1.40458
1.52544
1.39944
1.49938
1.41405
1.50184
1.45295
1.50849
1.46189
1.48443
1.4779
1.46059
1.47937
1.40502
1.43968
1.40681
1.42355
1.43102
1.45048
1.39823
k 2
1.52451
1.58739
1.55601
1.58905
1.43647
1.54561
1.53197
1.54262
1.41311
1.48798
1.39802
1.54752
1.41223
1.4822
1.46624
1.50676
1.42804
1.50959
1.47198
1.47131
1.47562
1.47859
1.45842
1.41569
1.43463
1.43326
1.43301
1.40379
1.45079
1.41089
