0.19963153726658575,-0.8420785276329913,-0.5010499003373148,0.0125846328412684
-0.8522850962052877,0.150248048042632,-0.5010345685137129,0.012590551838538244
0.13829101024643717,-0.8810462134359028,-0.45236397543933277,0.012469006137033962
-0.6438570056248525,-0.6170132336942953,-0.4524851663357678,0.012516718059992143
-0.8886748960251775,-0.347517860430135,-0.29914589393254476,0.012610622890649093
-0.9020196624892424,-0.25057265120852273,-0.35153075960593444,0.012593981401342496
-0.863070161999079,-0.22470860220730451,-0.4523449342713179,0.012461511523750135
-0.8522850962052878,-0.15024804804263153,-0.5010345685137129,0.012590551838538216
-0.9326268457415189,0.20174106611098197,0.2991783896718304,0.012623166690447689
-0.3810149607544667,-0.5327933610222622,0.7556181801226554,0.012017696026140586
0.2851927312531821,-0.8450180059440102,-0.4523380104200388,0.012458786410084726
0.3427991179771106,-0.7946432701862115,-0.501029777420343,0.0125924014300274
0.8594198314090782,-0.1006212127640206,-0.5012713086968864,0.012499125588721405
0.8220936080258914,-0.48444900906179533,-0.299117463987004,0.012599650224969653
0.8226803765932235,-0.3442286206082251,-0.4524418799388388,0.012499674331014865
0.8289456266637353,-0.24831397037766376,-0.5011879090225021,0.012531340980038651
0.8689854671721965,-0.2002485778908884,-0.45250940862726396,0.01252626437185994
0.9020196624892424,-0.2505726512085227,-0.35153075960593444,0.012593981401342507
0.8886748960251774,-0.3475178604301352,-0.29914589393254476,0.012610622890649155
0.8496171889554868,-0.3931945020269602,-0.3514949726626933,0.012606360625107262
-0.21627027662041656,-0.15743698005606735,0.9635563111522616,0.010327584572549339
0.8886748960251772,-0.34751786043013516,0.299145893932545,0.012610622890649091
0.8289456266637352,-0.24831397037766373,0.5011879090225023,0.012531340980038531
-0.3810149607544668,-0.5327933610222623,-0.7556181801226554,0.012017696026140647
-0.8132435876448489,-0.2959278651390013,-0.5010604412531565,0.012580563261471608
-0.7913095343979465,-0.14781662847864285,-0.5932785729453844,0.01231901016517993
-1.758841800172624e-16,-0.9362336403389132,-0.35137810218872,0.012646774594677685
-0.48541158979284815,-0.6419241706574018,-0.5935561874166475,0.0124358156253195
-0.5563300832257366,-0.6627621798647942,-0.5012415898934476,0.012510606211013554
-0.298909744996851,-0.8872314750400077,-0.3513876407107251,0.012643476919554529
-0.3340489674127472,-0.6106834682637696,-0.7179672617604586,0.011809327644358849
-0.06003447631902793,-0.6934633182808225,-0.7179864120246641,0.011818053289405382
0.1835083535583579,-0.5367360145156195,-0.8235527517385813,0.01186786286986733
0.023767211886462972,-0.6545461600471202,-0.7556483600238367,0.012002178560653318
-0.4473150623946385,-0.3489891386877981,-0.8234778782898965,0.011827650433396768
0.12467410621877273,-0.505562721553201,-0.8537345616842923,0.011312098395935822
0.04645094282469331,-0.5657925410183811,-0.8232381857267439,0.011698955212421681
0.13050339814050654,-0.4031978786657094,-0.9057595341553144,0.011063444530713456
-0.485411589792848,0.6419241706574019,-0.5935561874166476,0.0124358156253195
-0.4018525944407574,0.6972143670220753,-0.593638457951672,0.012470446498849522
-0.5563300832257363,0.6627621798647945,-0.5012415898934475,0.012510606211013601
-0.38817400138584507,0.7733151363406335,-0.5013029468839868,0.012486902364853433
-0.3416103697506811,0.6907961508784317,-0.6372621385351134,0.011999324778804783
-0.3710211471446965,0.8791562831868346,-0.29904437480839485,0.012571448331372746
-0.5665257119564729,0.7453557748308817,-0.35141625832972995,0.012633582375168364
-0.5061332335613566,0.8089464302266323,-0.299056554698795,0.01257614729417885
-0.438494168942397,0.8271887390324462,-0.3513995643443917,0.012639354469649842
-0.530307456247815,0.7169104887115072,-0.452563092864851,0.012547407294195852
-0.44578443060201217,0.7722745733268028,-0.4526237121779461,0.01257128605464246
-0.38101496075446656,0.5327933610222623,0.7556181801226554,0.012017696026140586
-0.7913095343979465,0.1478166284786433,-0.5932785729453844,0.012319010165179884
0.7748310656500476,0.5254616100891111,-0.35146396120537104,0.012617086403090285
0.8594198314090782,0.1006212127640206,-0.5012713086968864,0.012499125588721455
0.7804268983397514,0.19674946878121433,-0.5934842060932247,0.012405521804632861
0.932626845741519,0.20174106611098191,-0.2991783896718302,0.012623166690447756
0.9528308397293751,0.05083112027970752,-0.2992149529547676,0.01263728307021649
0.9306583581559618,0.10135395681793027,-0.3515713239611541,0.012579947304861968
0.8902851623365984,-0.05052055589593853,-0.45259253546127126,0.012559004526582969
0.8902851623365984,0.05052055589593859,-0.45259253546127126,0.012559004526583033
0.7345779918779345,0.6090472004658467,-0.2990930983043506,0.012590247429006543
-0.3088862398837993,0.8365411030005634,-0.4525353840320654,0.0125364940162977
-0.2989097449968507,0.8872314750400079,-0.35138764071072504,0.012643476919554454
-0.22646068063846106,0.9269805166093719,-0.2990362552457259,0.01256831599003201
-0.09402878818260856,0.03894799931874349,-0.9948073383032402,0.009663240590688115
-0.03894799931874343,0.0940287881826086,-0.9948073383032402,0.009663240590688115
0.19459411125897647,0.08060352004140704,-0.9775664705892195,0.011235479068138775
0.03894799931874353,0.0940287881826086,-0.9948073383032402,0.009663240590688115
0.09402878818260864,0.03894799931874348,-0.9948073383032402,0.009663240590688115
-0.06429558643792384,0.366965118934589,-0.9280100640887071,0.010845967877789473
-0.04160142296021054,0.2642509353745636,-0.9635563111522616,0.010327584572549288
-0.15743698005606743,0.21627027662041667,-0.9635563111522616,0.010327584572549288
-0.08060352004140703,0.19459411125897644,-0.9775664705892195,0.011235479068138775
-0.8220936080258916,-0.48444900906179494,-0.2991174639870041,0.012599650224969793
-0.7748310656500477,-0.5254616100891111,-0.3514639612053711,0.012617086403090283
-0.849617188955487,-0.39319450202695977,-0.35149497266269336,0.012606360625107216
-0.8126701039219579,-0.36731889780599847,-0.45237609298686465,0.01247377585696363
-0.3088862398837995,-0.8365411030005631,0.4525353840320656,0.01253649401629776
-0.4457844306020124,-0.7722745733268027,0.45262371217794634,0.012571286054642345
-0.38817400138584524,-0.7733151363406333,0.501302946883987,0.012486902364853366
-0.48541158979284804,-0.6419241706574018,0.5935561874166478,0.012435815625319431
-0.40185259444075744,-0.6972143670220751,0.5936384579516722,0.012470446498849456
-0.506133233561357,-0.8089464302266322,0.2990565546987953,0.0125761472941787
-0.4384941689423973,-0.8271887390324458,0.351399564344392,0.01263935446964982
-0.8496171889554869,-0.39319450202695977,0.3514949726626936,0.012606360625107216
0.6283562906818805,-0.7181391473167764,-0.2990727955726522,0.012582413419518247
0.7748310656500474,-0.5254616100891114,-0.3514639612053711,0.012617086403090333
0.7345779918779343,-0.6090472004658469,-0.2990930983043506,0.012590247429006555
0.6796312680216172,-0.6438888615147467,-0.3514377235650321,0.012626159971313857
0.6610598168610016,-0.5986452612615197,-0.45235358924278,0.012464918066020993
0.5665257119564729,-0.7453557748308817,-0.35141625832972995,0.012633582375168326
0.423891882302891,-0.7846753417258705,-0.4523276248529383,0.012454698939829083
0.387397980545962,-0.17265295072743156,-0.9056013268950203,0.010959603020480223
0.26425093537456357,-0.041601422960210625,-0.9635563111522616,0.010327584572549274
0.2642509353745636,0.041601422960210556,-0.9635563111522616,0.010327584572549274
0.36216245409742653,-0.08652471872830401,-0.9280904211827192,0.010774686872883285
0.42110832330453607,-0.04491027385115337,-0.9058978128609521,0.011154227973508422
0.36216245409742653,0.08652471872830395,-0.9280904211827192,0.010774686872883285
0.42110832330453607,0.04491027385115335,-0.9058978128609521,0.011154227973508422
0.7732810075192639,-0.3884758038448697,-0.501121774858242,0.012556881355373509
0.694116630991182,-0.5168443213080894,-0.5010728990007658,0.012575753475288887
0.752700772995667,-0.4783146314715748,-0.4523899420322441,0.012479227366028103
0.39606906111663703,-0.33887716938852835,-0.8534000016952217,0.01152531657830662
0.21226856712909112,-0.3660183635175882,-0.9060753903383919,0.01127084257986945
-0.44731506239463836,-0.348989138687798,0.8234778782898966,0.011827650433396768
-0.31142296806159614,-0.20466474903440374,0.9279698677577793,0.010881620659215427
-0.387397980545962,-0.17265295072743123,0.9056013268950204,0.010959603020480175
0.9326268457415189,-0.20174106611098197,0.2991783896718304,0.012623166690447636
0.9020196624892423,-0.2505726512085227,0.35153075960593466,0.012593981401342444
0.9306583581559617,-0.10135395681793029,0.35157132396115437,0.012579947304861862
0.8689854671721964,-0.20024857789088837,0.4525094086272642,0.012526264371859885
0.8902851623365983,-0.050520555895938526,0.45259253546127154,0.012559004526582974
0.8594198314090782,-0.10062121276402058,0.5012713086968867,0.012499125588721346
0.15144999283530852,-0.923901863389946,-0.35138048678714456,0.012645950199628804
0.07613316444347944,-0.9512010761569891,-0.2990321955736672,0.012566749909512391
-0.5051573443493106,-0.5820781329970744,-0.6371821596188895,0.012033651975294813
-0.4523859735354465,-0.5288453829279295,-0.7181013103345502,0.011870413015467521
-0.4875181404148265,-0.43712509069668626,-0.7558093131537104,0.01191940622121179
-0.7506881978622502,-0.2905969587935683,-0.5933132706507215,0.012333604626699145
-0.7397269742412573,-0.21699651983593798,-0.6369588008332764,0.012129483856336377
-0.06067047082162083,-0.7684267226391096,-0.6370553083558756,0.012088083606768076
0.02506364349823109,-0.8045548307772025,-0.5933492546954623,0.012348741501098636
0.0504039155808571,-0.8639276528732047,-0.5010872737309473,0.012570203341303118
-0.012583543202116399,-0.8917235543776025,-0.45240552274331874,0.012485360824495927
-0.5665257119564733,-0.7453557748308814,-0.35141625832973,0.012633582375168395
-0.5303074562478152,-0.7169104887115071,-0.452563092864851,0.0125474072941959
-0.44578443060201245,-0.7722745733268027,-0.4526237121779461,0.012571286054642453
-0.25618355325374315,-0.6029493967149855,-0.755527638173033,0.012064243969859506
-0.20135606010835727,-0.6663585704050918,-0.7179289607651455,0.011791877191238604
-0.11904843447640094,-0.6441973737215129,-0.755537698555819,0.012059072306050555
-0.22804815952664628,-0.520162513640081,-0.8230583189180106,0.011602418486525557
-0.3088862398837996,-0.8365411030005633,-0.4525353840320654,0.01253649401629776
-0.38817400138584535,-0.7733151363406333,-0.5013029468839868,0.01248690236485344
-0.40185259444075755,-0.6972143670220752,-0.593638457951672,0.012470446498849522
-0.3416103697506814,-0.6907961508784316,-0.6372621385351133,0.011999324778804778
0.08381336337959483,-0.6908334262270939,-0.7181396085207489,0.011887868487110409
0.17238009517435052,-0.7863086161932246,-0.593299134406901,0.012327658520427547
0.0857269399359499,-0.7660912079732762,-0.6369891308611667,0.012116473757453694
0.16536521491203124,-0.6335065883375222,-0.7558596088097651,0.011893535542586403
0.3413311962757404,-0.5589605332523863,-0.7556825634584802,0.011984591203021408
0.38478839255082364,-0.41767651118284044,-0.8230942989501774,0.011621726875476994
0.27058543416091607,-0.49897748105286466,-0.8232891328215662,0.011726304905712708
0.2934899993160233,-0.4305351259944219,-0.8535239455261041,0.011446340728470427
0.44462785506859526,-0.6710728751532635,-0.5932682923691714,0.012314686221597907
0.5938582464740426,-0.6295157048979557,-0.5010412761256352,0.012587962334328328
0.4755534885241391,-0.7230635672163712,-0.5010269027875227,0.01259351116317148
0.5503949512297671,-0.7017552420739653,-0.45233281760501565,0.012456742644921219
-0.2122685671290912,-0.36601836351758815,-0.9060753903383919,0.01127084257986945
-0.3797740483139291,-0.35639124231989217,-0.8536726273138512,0.011351579254844951
-0.2734786861240011,-0.44364697430167715,-0.8534557811795859,0.011489776553729104
-0.34842967854495377,-0.44827410184804783,-0.8231932268437261,0.011674822255951027
-0.49939374192141833,-0.2696426274300579,-0.8233460657599203,0.01175687096143693
-0.5930538698133062,-0.27780063836224356,-0.7557207902558934,0.011964933617297323
-0.6626938647670743,-0.21274598525700966,-0.7180362019822558,0.011840741271783773
-0.011962233211566937,-0.5209772015440896,-0.8534867664163759,0.011470032726104844
-0.09363673078478366,-0.5601629114482319,-0.8230733110032049,0.01161046371185396
-0.14790138769519381,-0.499844171393227,-0.8533938034940577,0.011529265559872924
-0.1305033981405067,-0.40319787866570933,-0.9057595341553144,0.011063444530713512
-0.22646068063846106,0.9269805166093718,0.29903625524572613,0.012568315990031956
-0.267027799758802,0.7592308323188937,-0.5935189107453386,0.01242012679922209
-0.24803567656627915,0.8290132928667414,-0.5012137901141095,0.012521344569488564
-0.09363673078478338,0.5601629114482319,-0.8230733110032048,0.011610463711853933
0.8689854671721964,0.20024857789088826,0.4525094086272642,0.01252626437185989
0.8594198314090782,0.10062121276402056,0.5012713086968867,0.012499125588721346
0.8902851623365983,0.05052055589593858,0.45259253546127154,0.012559004526582974
0.8496171889554868,0.3931945020269598,0.3514949726626936,0.012606360625107229
-0.44731506239463825,0.34898913868779813,0.8234778782898966,0.011827650433396751
-0.499393741921418,0.269642627430058,0.8233460657599204,0.011756870961437097
-0.9020196624892423,0.2505726512085227,0.35153075960593466,0.012593981401342434
-0.4018525944407572,0.6972143670220752,0.5936384579516722,0.012470446498849456
-0.4875181404148262,0.43712509069668637,0.7558093131537105,0.01191940622121168
-0.45238597353544635,0.5288453829279295,0.7181013103345504,0.011870413015467462
-0.45238597353544635,0.5288453829279296,-0.71810131033455,0.011870413015467466
-0.5051573443493105,0.5820781329970746,-0.6371821596188896,0.012033651975294825
-0.5512662087009116,0.4243889869401315,-0.7183310900333161,0.011975162550181991
-0.48751814041482633,0.4371250906966865,-0.7558093131537104,0.01191940622121173
-0.4993937419214182,0.26964262743005807,-0.8233460657599203,0.011756870961436986
-0.44731506239463836,0.34898913868779824,-0.8234778782898965,0.011827650433396708
-0.7397269742412572,0.21699651983593832,-0.6369588008332765,0.012129483856336406
-0.6626938647670743,0.21274598525700983,-0.7180362019822558,0.011840741271783773
-0.6046207687467835,0.3443584012168866,-0.7182276919691959,0.011928020299532747
-0.5930538698133061,0.2778006383622438,-0.7557207902558934,0.011964933617297387
0.8886748960251774,0.347517860430135,0.299145893932545,0.012610622890649148
0.9020196624892423,0.2505726512085225,0.35153075960593466,0.012593981401342491
0.8220936080258915,0.4844490090617951,-0.29911746398700406,0.012599650224969722
0.9020196624892424,0.25057265120852257,-0.35153075960593444,0.012593981401342548
0.8886748960251775,0.347517860430135,-0.2991458939325448,0.012610622890649195
0.8496171889554869,0.39319450202695994,-0.3514949726626933,0.012606360625107272
0.8226803765932237,0.3442286206082248,-0.45244187993883883,0.012499674331014855
0.8289456266637354,0.24831397037766356,-0.5011879090225021,0.0125313409800386
0.8689854671721965,0.20024857789088832,-0.45250940862726396,0.012526264371859995
0.4340015797511389,0.5441554388021046,-0.7180093921360674,0.011828524431640189
0.5602826639083652,0.5780079563004754,-0.5932875685340909,0.012322793743805223
0.4860160941696453,0.5984115883862109,-0.6369395003398476,0.012137762338134642
0.7321286625693241,0.24098624500348018,-0.6371132169117005,0.01206323718424091
0.6283562906818805,0.7181391473167764,-0.2990727955726522,0.012582413419518247
0.6796312680216173,0.6438888615147466,-0.3514377235650321,0.012626159971313857
0.6610598168610017,0.5986452612615196,-0.45235358924278,0.012464918066020955
0.5938582464740427,0.6295157048979556,-0.5010412761256352,0.012587962334328363
0.34279911797711077,0.7946432701862115,-0.5010297774203432,0.01259240143002744
0.4446278550685955,0.6710728751532633,-0.5932682923691716,0.012314686221597893
0.02506364349823134,0.8045548307772025,-0.5933492546954623,0.012348741501098581
0.34133119627574066,0.5589605332523861,-0.7556825634584802,0.011984591203021408
-0.1514499928353087,0.9239018633899458,-0.3513804867871446,0.012645950199628895
-0.10034633241212493,0.8595274329298906,-0.501141901672957,0.012549109111689718
-0.16308694612357716,0.8767440858926698,-0.4524626568638703,0.012507854799928893
0.37102114714469653,0.8791562831868346,-0.29904437480839485,0.012571448331372798
0.7804268983397512,-0.19674946878121452,0.5934842060932248,0.012405521804632797
0.6478361148291251,0.095554148801187,0.7557630402249009,0.011943205428206568
0.3847883925508237,0.41767651118284027,-0.8230942989501774,0.011621726875477004
0.45473609452473357,0.4715470151625296,-0.7555517830219857,0.012051831838117763
0.04160142296021057,0.2642509353745636,-0.9635563111522616,0.010327584572549288
0.08060352004140706,0.19459411125897644,-0.9775664705892195,0.011235479068138775
-0.22292723121116428,0.2978725135385244,-0.9282108678865841,0.010667826805301407
-0.31530745068342836,0.2834783073361204,-0.905660676419908,0.010998554704102855
-0.3797740483139291,0.35639124231989217,-0.8536726273138512,0.011351579254844951
0.19459411125897647,-0.08060352004140713,-0.9775664705892195,0.011235479068138748
0.08060352004140707,-0.19459411125897647,-0.9775664705892195,0.011235479068138748
0.09402878818260861,-0.038947999318743494,-0.9948073383032402,0.009663240590688115
0.03894799931874351,-0.0940287881826086,-0.9948073383032402,0.009663240590688115
-0.07613316444347977,-0.9512010761569891,-0.2990321955736672,0.012566749909512441
-0.22646068063846117,-0.9269805166093719,-0.29903625524572597,0.012568315990032082
-0.15144999283530883,-0.9239018633899458,-0.35138048678714456,0.012645950199628822
-0.6283562906818808,-0.7181391473167762,-0.2990727955726522,0.012582413419518271
-0.7345779918779345,-0.6090472004658467,-0.2990930983043506,0.012590247429006532
-0.6796312680216174,-0.6438888615147463,-0.3514377235650321,0.012626159971313786
-0.3710211471446968,-0.8791562831868345,-0.2990443748083949,0.012571448331372723
-0.5061332335613569,-0.8089464302266322,-0.299056554698795,0.012576147294178755
-0.43849416894239734,-0.8271887390324459,-0.35139956434439173,0.01263935446964982
-0.8654322635869709,2.324542037429021e-16,-0.5010259445804495,0.012593881070594667
-0.888638540179476,0.07562869047157136,-0.4523293557633034,0.012455380168185353
-0.888638540179476,-0.07562869047157102,-0.4523293557633034,0.012455380168185303
-0.932626845741519,-0.20174106611098191,-0.2991783896718302,0.012623166690447689
-0.9306583581559618,-0.10135395681793015,-0.3515713239611541,0.012579947304861854
-0.9528308397293751,-0.0508311202797074,-0.2992149529547676,0.01263728307021649
-0.15743698005606743,-0.2162702766204165,0.9635563111522616,0.01032758457254935
-0.7345779918779345,-0.6090472004658467,0.2990930983043508,0.012590247429006472
-0.8220936080258915,-0.48444900906179483,0.29911746398700434,0.01259965022496972
-0.7748310656500477,-0.525461610089111,0.3514639612053713,0.012617086403090283
-0.6283562906818807,-0.7181391473167761,0.29907279557265243,0.012582413419518164
-0.5665257119564733,-0.7453557748308813,0.35141625832973017,0.012633582375168328
-0.6796312680216174,-0.6438888615147463,0.3514377235650324,0.01262615997131379
-0.6438570056248524,-0.6170132336942953,0.45248516633576813,0.012516718059992193
-0.530307456247815,-0.7169104887115069,0.45256309286485125,0.012547407294195748
-0.5563300832257364,-0.6627621798647941,0.5012415898934478,0.012510606211013494
-0.3340489674127472,-0.6106834682637694,0.7179672617604588,0.011809327644358818
-0.34161036975068126,-0.6907961508784314,0.6372621385351136,0.011999324778804783
-0.22646068063846114,-0.9269805166093718,0.29903625524572613,0.01256831599003203
-0.298909744996851,-0.8872314750400077,0.35138764071072537,0.012643476919554543
-0.37102114714469675,-0.8791562831868344,0.29904437480839513,0.012571448331372671
-0.952830839729375,-0.05083112027970739,0.29921495295476774,0.012637283070216424
-0.9306583581559617,0.10135395681793039,0.35157132396115437,0.012579947304861862
-0.952830839729375,0.050831120279707626,0.29921495295476774,0.012637283070216498
-0.48751814041482644,-0.4371250906966862,0.7558093131537105,0.01191940622121174
-0.5512662087009117,-0.4243889869401311,0.7183310900333162,0.011975162550181955
-0.45238597353544646,-0.5288453829279294,0.7181013103345504,0.011870413015467462
-0.5051573443493105,-0.5820781329970744,0.6371821596188898,0.012033651975294884
-0.6046207687467835,-0.34435840121688627,0.7182276919691961,0.011928020299532681
-0.6551260560935102,8.131310914892408e-17,0.7555195898369299,0.012068381241501147
0.5061332335613566,-0.8089464302266323,-0.299056554698795,0.012576147294178743
0.438494168942397,-0.8271887390324462,-0.3513995643443917,0.012639354469649826
0.6940926234000642,0.04809258227461785,-0.7182774767955458,0.011950717407593753
0.8032023232523019,0.05009763975302807,-0.5935960363860937,0.012452588707303982
0.7644003180929761,0.09819289552978805,-0.6372207694094982,0.012017081345584107
0.8032023232523019,-0.050097639753028125,-0.5935960363860937,0.012452588707303982
0.6478361148291253,0.09555414880118701,-0.7557630402249008,0.011943205428206613
0.6695840375705179,0.1898347383036343,-0.7180668414318779,0.0118547040439224
0.6117788398815887,0.23410968472893565,-0.7555920239052658,0.012031143896044833
0.5369474749508194,0.1846739728581538,-0.8231542582607012,0.011653906365456929
0.5126455947986083,0.09237272044885281,-0.8536168781429168,0.01138711358323986
0.5654605553901377,0.047455335170017876,-0.8234089818928247,0.01179065295947215
0.6568661629703788,-0.4652809709160802,-0.5933299773717501,0.01234063222353178
-0.379774048313929,-0.3563912423198921,0.8536726273138513,0.011351579254844892
-0.3484296785449537,-0.4482741018480476,0.8231932268437261,0.011674822255951027
-0.273478686124001,-0.443646974301677,0.853455781179586,0.011489776553729143
-0.31530745068342825,-0.2834783073361203,0.9056606764199081,0.010998554704102789
-0.22292723121116423,-0.2978725135385242,0.9282108678865842,0.010667826805301466
-0.21226856712909112,-0.366018363517588,0.906075390338392,0.011270842579869494
0.932626845741519,-0.201741066110982,-0.2991783896718302,0.01262316669044775
0.9528308397293751,-0.050831120279707605,-0.2992149529547676,0.012637283070216549
0.9306583581559618,-0.10135395681793029,-0.3515713239611541,0.012579947304861911
-0.6853162550047945,-0.35293326267883934,-0.637008432221327,0.012108193931569132
-0.5512662087009117,-0.4243889869401312,-0.718331090033316,0.011975162550181991
-0.6046207687467836,-0.3443584012168864,-0.7182276919691959,0.011928020299532735
-0.24803567656627928,-0.8290132928667414,-0.5012137901141095,0.012521344569488564
-0.16308694612357733,-0.8767440858926696,-0.4524626568638702,0.012507854799928825
-0.10034633241212526,-0.8595274329298905,-0.501141901672957,0.012549109111689724
-0.12308813154911079,-0.7954238079976826,-0.5934225118262826,0.0123795617589096
-0.20485364575524403,-0.7430205682934974,-0.6371463088754364,0.012049037116128805
-0.26702779975880225,-0.7592308323188935,-0.5935189107453386,0.01242012679922207
0.3127647765579048,-0.6216053321083684,-0.7181817358016902,0.01190707079276953
0.22397759081750274,-0.6585984791530358,-0.7183885314152053,0.012001356193488
0.22904547115706989,-0.7360949041834761,-0.6369477719386063,0.012134214481366718
0.31384159476821094,-0.7413039945307572,-0.5932721475731765,0.01231630768215673
0.3641029695300891,-0.6795201522801582,-0.6369312288030176,0.01214131009889951
-0.31530745068342836,-0.28347830733612034,-0.905660676419908,0.010998554704102846
-0.31142296806159636,-0.20466474903440388,-0.9279698677577793,0.01088162065921536
-0.22292723121116437,-0.29787251353852434,-0.9282108678865841,0.010667826805301393
-0.2642509353745637,-0.04160142296021053,-0.9635563111522616,0.01032758457254927
-0.805005750317408,2.231256484525119e-16,-0.5932670073043899,0.012314145739620724
-0.7674338605679322,-0.0732145283649134,-0.6369339859750798,0.012140127522644944
-0.7674338605679322,0.07321452836491373,-0.6369339859750798,0.012140127522644898
0.06429558643792384,-0.366965118934589,-0.9280100640887072,0.010845967877789473
-0.06429558643792396,-0.36696511893458894,-0.9280100640887071,0.010845967877789506
-7.434269292720348e-17,-0.4241722270516703,-0.9055815379070106,0.010946616162979334
-0.041601422960210646,-0.26425093537456357,-0.9635563111522616,0.010327584572549274
0.041601422960210556,-0.26425093537456357,-0.9635563111522616,0.010327584572549274
-0.29890974499685063,0.8872314750400078,0.3513876407107252,0.012643476919554454
-0.3088862398837992,0.8365411030005632,0.4525353840320656,0.012536494016297608
-0.4457844306020121,0.7722745733268028,0.45262371217794634,0.01257128605464251
-0.3881740013858449,0.7733151363406335,0.501302946883987,0.012486902364853282
-0.5303074562478147,0.7169104887115071,0.4525630928648513,0.012547407294195777
-0.6283562906818804,0.7181391473167764,0.29907279557265243,0.012582413419518247
-0.5665257119564729,0.7453557748308816,0.3514162583297302,0.01263358237516831
-0.6283562906818805,0.7181391473167765,-0.2990727955726522,0.012582413419518313
-0.9306583581559618,0.10135395681793039,-0.3515713239611541,0.012579947304861961
-0.9528308397293751,0.05083112027970763,-0.2992149529547676,0.012637283070216549
-0.5950851156115587,0.5419302002948945,-0.593452073200451,0.012392000246463199
-0.6061714129396644,0.47611093004746796,-0.6370828834806865,0.01207625256375493
-0.8630701619990789,0.22470860220730476,-0.452344934271318,0.012461511523750147
-0.2048536457552437,0.7430205682934975,-0.6371463088754364,0.01204903711612882
-0.20135606010835688,0.6663585704050919,-0.7179289607651455,0.011791877191238585
-0.060670470821620526,0.7684267226391096,-0.6370553083558758,0.01208808360676802
-0.12308813154911047,0.7954238079976826,-0.5934225118262826,0.0123795617589096
-0.06003447631902765,0.6934633182808225,-0.7179864120246641,0.011818053289405332
-0.11904843447640062,0.644197373721513,-0.755537698555819,0.012059072306050533
0.952830839729375,-0.0508311202797076,0.29921495295476774,0.012637283070216485
-0.038947999318743445,0.09402878818260853,0.9948073383032402,0.009663240590688115
-0.8630701619990787,0.22470860220730474,0.45234493427131817,0.012461511523750067
0.7310894510808229,0.3367342710304585,-0.5933955217491338,0.012368206005449333
0.773281007519264,0.3884758038448694,-0.501121774858242,0.012556881355373497
0.6941166309911821,0.5168443213080893,-0.5010728990007658,0.012575753475288833
0.7527007729956671,0.47831463147157444,-0.45238994203224403,0.012479227366028047
0.4238918823028911,0.7846753417258705,-0.4523276248529383,0.012454698939829166
0.5665257119564732,0.7453557748308816,-0.35141625832973,0.012633582375168232
0.5503949512297673,0.7017552420739651,-0.45233281760501565,0.0124567426449212
0.4755534885241392,0.7230635672163711,-0.5010269027875227,0.012593511163171499
0.5061332335613569,0.8089464302266322,-0.299056554698795,0.01257614729417872
0.43849416894239723,0.827188739032446,-0.35139956434439173,0.012639354469649896
0.023767211886463226,0.6545461600471202,-0.7556483600238367,0.012002178560653328
0.3127647765579049,0.6216053321083684,-0.7181817358016902,0.011907070792769585
0.31384159476821105,0.7413039945307572,-0.5932721475731765,0.01231630768215677
0.36410296953008914,0.6795201522801582,-0.6369312288030174,0.012141310098899566
-0.07613316444347956,0.9512010761569891,-0.2990321955736672,0.012566749909512474
0.050403915580857314,0.8639276528732047,-0.5010872737309473,0.01257020334130306
-0.012583543202116115,0.8917235543776025,-0.45240552274331874,0.012485360824495858
0.0761331644434796,0.9512010761569891,-0.2990321955736672,0.012566749909512391
5.57894261473051e-17,0.9362336403389132,-0.35137810218871995,0.012646774594677633
0.8032023232523017,-0.05009763975302812,0.5935960363860938,0.012452588707303931
0.7644003180929758,-0.09819289552978822,0.6372207694094986,0.012017081345584093
0.8032023232523017,0.050097639753028056,0.5935960363860938,0.012452588707303931
0.7644003180929758,0.09819289552978804,0.6372207694094986,0.0120170813455842
0.6940926234000641,-0.04809258227461796,0.718277476795546,0.011950717407593753
0.6940926234000641,0.04809258227461785,0.718277476795546,0.011950717407593753
0.7804268983397513,0.19674946878121424,0.5934842060932248,0.01240552180463284
0.8289456266637353,0.24831397037766353,0.5011879090225024,0.012531340980038492
0.8226803765932236,0.3442286206082247,0.45244187993883905,0.012499674331014845
0.5654605553901376,0.047455335170017855,0.8234089818928249,0.011790652959472157
0.4754562578385292,0.3106946381109203,-0.8230493233891311,0.011597591307976296
0.3960690611166371,0.3388771693885282,-0.8534000016952218,0.011525316578306731
0.47089179399985204,0.2234199219006714,-0.853430991259105,0.01150557194021813
0.38739798054596214,0.17265295072743136,-0.9056013268950203,0.010959603020480225
0.212268567129091,0.3660183635175882,-0.9060753903383919,0.01127084257986951
0.2934899993160233,0.43053512599442184,-0.8535239455261041,0.011446340728470492
0.2705854341609162,0.49897748105286455,-0.8232891328215662,0.011726304905712756
0.18350835355835804,0.5367360145156194,-0.8235527517385813,0.01186786286986751
0.22292723121116428,0.2978725135385244,-0.9282108678865841,0.010667826805301393
0.31142296806159636,0.20466474903440388,-0.9279698677577793,0.01088162065921536
0.31530745068342836,0.28347830733612034,-0.905660676419908,0.010998554704102846
0.21627027662041667,0.15743698005606746,-0.9635563111522616,0.010327584572549274
0.15743698005606746,0.21627027662041665,-0.9635563111522616,0.010327584572549273
-0.3484296785449536,0.4482741018480479,-0.8231932268437261,0.011674822255951027
-0.38101496075446656,0.5327933610222625,-0.7556181801226552,0.012017696026140647
-0.3340489674127469,0.6106834682637697,-0.7179672617604586,0.011809327644358863
-0.2561835532537427,0.6029493967149856,-0.7555276381730331,0.012064243969859533
0.21627027662041665,-0.15743698005606754,-0.9635563111522616,0.01032758457254927
0.15743698005606746,-0.21627027662041667,-0.9635563111522616,0.01032758457254927
0.2229272312111643,-0.2978725135385244,-0.9282108678865841,0.010667826805301393
0.31142296806159625,-0.2046647490344041,-0.9279698677577793,0.01088162065921536
0.3153074506834283,-0.2834783073361205,-0.905660676419908,0.01099855470410279
-0.8886748960251774,-0.347517860430135,0.299145893932545,0.012610622890649001
-0.08060352004140708,-0.19459411125897633,0.9775664705892196,0.011235479068138775
-0.03894799931874347,-0.0940287881826085,0.9948073383032402,0.009663240590688115
0.03894799931874343,-0.09402878818260853,0.9948073383032402,0.009663240590688115
-0.6629803709707269,-0.5561400243023951,0.5011639463054468,0.012540595736704359
-0.5950851156115587,-0.5419302002948942,0.5934520732004512,0.01239200024646314
-0.6061714129396643,-0.4761109300474676,0.6370828834806869,0.01207625256375493
-0.738890499380582,-0.4993539906881247,0.45242283530891575,0.012492176412693644
-0.07613316444347977,-0.951201076156989,0.29903219557366745,0.012566749909512391
-0.15144999283530883,-0.9239018633899457,0.3513804867871448,0.012645950199628822
-0.9306583581559617,-0.10135395681793015,0.35157132396115437,0.012579947304861854
-0.932626845741519,-0.20174106611098191,0.2991783896718304,0.012623166690447638
-0.9020196624892423,-0.25057265120852273,0.35153075960593466,0.01259398140134246
-0.8630701619990788,-0.22470860220730451,0.4523449342713182,0.012461511523750088
-0.5930538698133061,-0.27780063836224345,0.7557207902558936,0.011964933617297316
-0.5505546098149935,-0.13914372814433354,0.823121281786321,0.011636207825309343
-0.49939374192141817,-0.26964262743005785,0.8233460657599204,0.01175687096143693
-0.48044390478890453,-0.2014857068955223,0.8535673167758953,0.011418700886977355
-0.7397269742412572,-0.21699651983593796,0.6369588008332767,0.012129483856336309
-0.6923760495733292,-0.0719507790772306,0.7179404511290683,0.011797112209982391
-0.6394171398366911,-0.1423371361912039,0.7555698915017407,0.012042522427489917
-0.6626938647670741,-0.2127459852570096,0.7180362019822559,0.011840741271783762
-0.3621624540974263,-0.08652471872830382,0.9280904211827193,0.010774686872883354
0.7804268983397514,-0.19674946878121455,-0.5934842060932247,0.012405521804633007
0.764400318092976,-0.09819289552978823,-0.6372207694094985,0.012017081345584261
0.6940926234000642,-0.04809258227461798,-0.7182774767955458,0.011950717407593825
0.5903773316889744,-0.4957020571903821,-0.6369725871064074,0.0121235703350363
0.5602826639083651,-0.5780079563004755,-0.5932875685340909,0.012322793743805292
0.48601609416964514,-0.598411588386211,-0.6369395003398477,0.012137762338134708
0.5366759257833461,-0.44334124379043155,-0.7179327908926723,0.011793622186324211
0.45473609452473346,-0.4715470151625297,-0.7555517830219857,0.012051831838117791
0.4340015797511386,-0.5441554388021047,-0.7180093921360674,0.011828524431640253
-0.6845276801619187,-0.4234767874319626,-0.593371102766596,0.012357932678836628
-0.662980370970727,-0.5561400243023952,-0.5011639463054465,0.012540595736704461
-0.5950851156115589,-0.5419302002948944,-0.593452073200451,0.012392000246463116
-0.6061714129396644,-0.4761109300474678,-0.6370828834806866,0.01207625256375493
-0.7388904993805822,-0.49935399068812486,-0.45242283530891547,0.01249217641269366
-0.7494955364753989,-0.4326102834291807,-0.5011035656177053,0.012563912696322793
-0.1945941112589765,-0.08060352004140701,-0.9775664705892195,0.011235479068138736
-0.21627027662041673,-0.15743698005606743,-0.9635563111522616,0.01032758457254927
-0.09402878818260856,-0.03894799931874347,-0.9948073383032402,0.009663240590688115
-0.03894799931874346,-0.0940287881826086,-0.9948073383032402,0.009663240590688115
-0.08060352004140714,-0.19459411125897647,-0.9775664705892195,0.011235479068138748
-0.15743698005606754,-0.21627027662041665,-0.9635563111522616,0.01032758457254927
-0.31142296806159636,0.2046647490344039,-0.9279698677577793,0.01088162065921536
-0.19459411125897644,0.08060352004140706,-0.9775664705892195,0.011235479068138775
-0.21627027662041665,0.15743698005606746,-0.9635563111522616,0.010327584572549288
-0.26425093537456357,0.04160142296021059,-0.9635563111522616,0.010327584572549287
-0.24803567656627915,0.8290132928667412,0.5012137901141098,0.012521344569488516
-0.37102114714469636,0.8791562831868346,0.2990443748083951,0.01257144833137274
-0.5061332335613566,0.8089464302266324,0.2990565546987953,0.012576147294178793
-0.43849416894239696,0.8271887390324459,0.351399564344392,0.012639354469649932
-0.5563300832257362,0.6627621798647944,0.5012415898934478,0.012510606211013492
-0.5950851156115585,0.5419302002948944,0.5934520732004512,0.01239200024646314
-0.48541158979284793,0.6419241706574019,0.5935561874166478,0.012435815625319431
-0.5051573443493103,0.5820781329970746,0.6371821596188898,0.012033651975294886
-0.6796312680216172,0.6438888615147467,-0.3514377235650321,0.012626159971313843
-0.738890499380582,0.4993539906881249,-0.45242283530891547,0.012492176412693727
-0.6438570056248523,0.6170132336942957,-0.45248516633576785,0.012516718059992256
-0.6629803709707269,0.5561400243023952,-0.5011639463054465,0.012540595736704485
-0.6853162550047944,0.3529332626788396,-0.6370084322213269,0.012108193931569134
-0.6845276801619186,0.4234767874319628,-0.593371102766596,0.012357932678836628
-0.75068819786225,0.2905969587935686,-0.5933132706507215,0.012333604626699187
-0.7494955364753988,0.4326102834291808,-0.5011035656177053,0.012563912696322763
-0.8132435876448489,0.29592786513900154,-0.5010604412531565,0.012580563261471608
-0.8126701039219579,0.3673188978059985,-0.45237609298686465,0.012473775856963592
-0.932626845741519,0.201741066110982,-0.29917838967183025,0.012623166690447796
-0.9020196624892424,0.2505726512085227,-0.3515307596059344,0.012593981401342507
0.932626845741519,0.2017410661109819,0.2991783896718304,0.012623166690447636
0.9306583581559617,0.10135395681793026,0.35157132396115437,0.012579947304861854
0.952830839729375,0.050831120279707515,0.29921495295476774,0.01263728307021644
0.0940287881826085,-0.03894799931874346,0.9948073383032402,0.009663240590688115
0.26425093537456346,-0.041601422960210604,0.9635563111522616,0.010327584572549346
0.19459411125897633,-0.08060352004140708,0.9775664705892195,0.011235479068138775
0.3710211471446966,0.8791562831868345,0.29904437480839513,0.01257144833137276
-0.04160142296021052,0.26425093537456346,0.9635563111522616,0.01032758457254935
-0.08060352004140699,0.19459411125897633,0.9775664705892196,0.011235479068138775
-0.15743698005606735,0.21627027662041656,0.9635563111522616,0.01032758457254935
-0.0642955864379238,0.3669651189345887,0.9280100640887072,0.010845967877789573
-0.738890499380582,0.4993539906881248,0.4524228353089157,0.012492176412693621
-0.6629803709707268,0.5561400243023952,0.5011639463054468,0.012540595736704383
-0.643857005624852,0.6170132336942955,0.45248516633576813,0.012516718059992216
-0.6796312680216172,0.6438888615147466,0.3514377235650324,0.012626159971313843
-0.8886385401794757,0.07562869047157136,0.4523293557633037,0.012455380168185188
-0.8522850962052875,0.15024804804263195,0.5010345685137131,0.012590551838538064
-0.6923760495733292,0.07195077907723077,0.7179404511290683,0.011797112209982358
-0.639417139836691,0.14233713619120406,0.7555698915017407,0.01204252242748988
-0.767433860567932,0.0732145283649137,0.6369339859750799,0.012140127522644898
-0.7913095343979463,0.14781662847864327,0.5932785729453847,0.012319010165179736
0.6734147462643085,0.37510629510585575,-0.6370304913312514,0.012098730633354173
0.5366759257833463,0.44334124379043144,-0.7179327908926723,0.011793622186324187
0.5903773316889747,0.495702057190382,-0.6369725871064074,0.012123570335036185
0.6568661629703789,0.46528097091608006,-0.5933299773717501,0.01234063222353178
0.6163494436843671,0.3235094636278909,-0.7179519414370056,0.011802347329181381
0.5463610573732097,0.3614923291206332,-0.7555216019234448,0.012067346928541542
0.083813363379595,0.6908334262270939,-0.7181396085207489,0.011887868487110455
0.08572693993595004,0.7660912079732762,-0.6369891308611665,0.012116473757453694
0.1653652149120314,0.633506588337522,-0.755859608809765,0.01189353554258659
0.22397759081750274,0.6585984791530359,-0.7183885314152052,0.012001356193487939
0.17238009517435063,0.7863086161932246,-0.593299134406901,0.01232765852042764
0.22904547115706989,0.7360949041834762,-0.6369477719386063,0.012134214481366676
0.22646068063846111,0.9269805166093719,-0.2990362552457259,0.012568315990032011
0.15144999283530872,0.9239018633899458,-0.3513804867871446,0.012645950199628844
0.29890974499685086,0.8872314750400079,-0.35138764071072504,0.012643476919554489
0.28519273125318223,0.8450180059440101,-0.45233801042003874,0.012458786410084688
0.19963153726658606,0.8420785276329913,-0.5010499003373148,0.0125846328412685
0.13829101024643736,0.8810462134359027,-0.4523639754393328,0.012469006137034028
0.8226803765932234,-0.34422862060822507,0.4524418799388391,0.01249967433101487
0.8496171889554867,-0.39319450202696016,0.3514949726626936,0.012606360625107262
0.8220936080258913,-0.48444900906179544,0.29911746398700434,0.012599650224969618
0.7748310656500473,-0.5254616100891113,0.35146396120537127,0.012617086403090328
0.7321286625693239,-0.24098624500348048,0.6371132169117008,0.01206323718424085
0.47089179399985187,-0.22341992190067153,0.8534309912591052,0.011505571940218064
0.38739798054596186,-0.17265295072743148,0.9056013268950204,0.010959603020480175
0.36216245409742626,-0.086524718728304,0.9280904211827193,0.01077468687288335
0.42110832330453585,-0.04491027385115337,0.9058978128609523,0.011154227973508367
0.12467410621877284,0.5055627215532009,-0.8537345616842923,0.01131209839593583
-0.011962233211566734,0.5209772015440896,-0.8534867664163759,0.011470032726104858
0.04645094282469356,0.565792541018381,-0.8232381857267438,0.011698955212421681
5.776732457726745e-17,0.4241722270516703,-0.9055815379070106,0.010946616162979341
0.06429558643792391,0.36696511893458894,-0.9280100640887071,0.010845967877789506
0.13050339814050654,0.4031978786657094,-0.9057595341553144,0.011063444530713456
-0.1479013876951935,0.4998441713932271,-0.8533938034940577,0.011529265559872789
-0.22804815952664592,0.5201625136400813,-0.8230583189180106,0.011602418486525556
-0.27347868612400084,0.44364697430167727,-0.8534557811795859,0.01148977655372916
-0.13050339814050646,0.4031978786657095,-0.9057595341553144,0.01106344453071339
-0.21226856712909098,0.36601836351758826,-0.9060753903383919,0.011270842579869527
0.31142296806159603,-0.20466474903440396,0.9279698677577793,0.010881620659215427
0.2162702766204165,-0.15743698005606746,0.9635563111522616,0.010327584572549339
-0.6853162550047943,-0.3529332626788393,0.6370084322213272,0.012108193931569056
-0.6845276801619186,-0.42347678743196254,0.5933711027665962,0.012357932678836584
-0.75068819786225,-0.2905969587935682,0.5933132706507216,0.012333604626699033
-0.7494955364753988,-0.43261028342918056,0.5011035656177056,0.012563912696322718
-0.8126701039219577,-0.36731889780599847,0.45237609298686493,0.012473775856963576
-0.8132435876448487,-0.29592786513900127,0.5010604412531569,0.012580563261471537
0.47545625783852896,-0.31069463811092046,0.8230493233891312,0.011597591307976295
-0.42110832330453596,-0.04491027385115326,0.9058978128609522,0.011154227973508367
-0.5166768707007431,-0.06879164592069048,0.8534123978091777,0.011517418669108234
-0.567974248693142,6.971034534116828e-17,0.8230463248332144,0.01159598224123742
-0.31142296806159614,0.20466474903440376,0.9279698677577795,0.010881620659215427
-0.2162702766204165,0.15743698005606738,0.9635563111522616,0.01032758457254935
-0.1945941112589764,-0.08060352004140699,0.9775664705892195,0.011235479068138775
-0.2642509353745635,-0.04160142296021051,0.9635563111522616,0.010327584572549346
-0.09402878818260853,-0.038947999318743445,0.9948073383032402,0.009663240590688115
-0.0940287881826085,0.03894799931874346,0.9948073383032402,0.009663240590688115
-0.19459411125897633,0.08060352004140701,0.9775664705892196,0.011235479068138775
-0.26425093537456346,0.04160142296021057,0.9635563111522616,0.010327584572549344
0.2264606806384608,-0.926980516609372,-0.29903625524572597,0.012568315990031978
0.2989097449968507,-0.8872314750400079,-0.351387640710725,0.012643476919554522
0.3710211471446965,-0.8791562831868346,-0.2990443748083949,0.012571448331372774
0.6478361148291252,-0.0955541488011872,-0.7557630402249008,0.011943205428206576
0.5654605553901377,-0.04745533517001794,-0.8234089818928247,0.01179065295947215
0.5126455947986083,-0.0923727204488529,-0.8536168781429168,0.01138711358323986
-0.36216245409742653,0.08652471872830403,-0.9280904211827192,0.010774686872883278
-0.421108323304536,0.044910273851153454,-0.9058978128609522,0.011154227973508435
-0.38739798054596214,0.1726529507274314,-0.9056013268950203,0.010959603020480175
-0.4804439047889047,0.20148570689552253,-0.8535673167758953,0.011418700886977355
-0.6394171398366912,0.1423371361912041,-0.7555698915017406,0.01204252242748991
-0.6923760495733293,0.07195077907723078,-0.7179404511290682,0.011797112209982436
-0.5505546098149935,0.13914372814433376,-0.8231212817863209,0.01163620782530929
-0.5166768707007432,0.06879164592069069,-0.8534123978091775,0.01151741866910827
-0.48044390478890475,-0.2014857068955224,-0.8535673167758953,0.011418700886977428
-0.38739798054596214,-0.17265295072743128,-0.9056013268950203,0.010959603020480225
-0.3621624540974266,-0.08652471872830386,-0.9280904211827192,0.010774686872883278
-0.42110832330453607,-0.04491027385115329,-0.9058978128609521,0.011154227973508435
0.34279911797711066,0.7946432701862114,0.5010297774203434,0.012592401430027336
0.28519273125318223,0.8450180059440099,0.45233801042003896,0.012458786410084672
0.22646068063846111,0.9269805166093719,0.29903625524572613,0.012568315990031971
0.29890974499685086,0.8872314750400077,0.3513876407107253,0.012643476919554487
0.27058543416091607,0.49897748105286444,0.8232891328215663,0.011726304905712772
0.3413311962757406,0.558960533252386,0.7556825634584803,0.011984591203021328
5.776732457726745e-17,0.42417222705167007,0.9055815379070107,0.010946616162979306
-0.7748310656500476,0.5254616100891112,-0.3514639612053711,0.012617086403090344
-0.7345779918779343,0.6090472004658469,-0.29909309830435066,0.012590247429006543
0.041601422960210556,0.26425093537456346,0.9635563111522616,0.01032758457254935
0.0642955864379239,0.3669651189345887,0.9280100640887072,0.010845967877789573
0.1305033981405065,0.4031978786657093,0.9057595341553145,0.011063444530713425
0.03894799931874346,0.0940287881826085,0.9948073383032402,0.009663240590688115
0.09402878818260853,0.038947999318743445,0.9948073383032402,0.009663240590688115
0.08060352004140701,0.19459411125897635,0.9775664705892196,0.011235479068138775
0.15743698005606738,0.21627027662041653,0.9635563111522616,0.010327584572549344
0.4754562578385291,0.31069463811092024,0.8230493233891312,0.011597591307976319
-0.060670470821620505,0.7684267226391094,0.637055308355876,0.012088083606767998
-0.12308813154911045,0.7954238079976825,0.5934225118262828,0.012379561758909474
0.5061332335613569,0.8089464302266323,0.2990565546987952,0.01257614729417864
0.4384941689423972,0.8271887390324459,0.351399564344392,0.012639354469649842
0.42389188230289104,0.7846753417258703,0.45232762485293854,0.01245469893982905
-0.1305033981405064,0.40319787866570933,0.9057595341553145,0.01106344453071339
-0.7345779918779343,0.6090472004658468,0.2990930983043508,0.012590247429006541
-0.7748310656500474,0.5254616100891112,0.3514639612053713,0.012617086403090326
-0.8886385401794759,-0.07562869047157102,0.45232935576330374,0.012455380168185256
-0.8654322635869708,2.3283194671546755e-16,0.5010259445804498,0.012593881070594457
-0.8522850962052876,-0.1502480480426315,0.5010345685137131,0.012590551838538126
-0.8050057503174078,2.2541456035466177e-16,0.5932670073043901,0.012314145739620634
-0.767433860567932,-0.07321452836491339,0.6369339859750799,0.012140127522644898
-0.7913095343979464,-0.14781662847864283,0.5932785729453848,0.012319010165179776
-0.662693864767074,0.21274598525700977,0.7180362019822559,0.011840741271783762
-0.5930538698133059,0.27780063836224367,0.7557207902558936,0.011964933617297443
-0.739726974241257,0.21699651983593823,0.6369588008332767,0.012129483856336309
0.7732810075192638,0.3884758038448693,0.5011217748582423,0.012556881355373426
0.5369474749508192,-0.1846739728581539,0.8231542582607013,0.011653906365456927
0.6478361148291251,-0.09555414880118716,0.7557630402249009,0.01194320542820648
0.5654605553901376,-0.047455335170017925,0.8234089818928249,0.011790652959472158
0.5126455947986082,-0.09237272044885286,0.8536168781429169,0.011387113583239794
0.6695840375705178,-0.1898347383036346,0.7180668414318782,0.01185470404392221
0.6117788398815884,-0.2341096847289359,0.7555920239052659,0.012031143896044736
-0.22804815952664628,-0.5201625136400809,0.8230583189180107,0.011602418486525662
-0.2561835532537431,-0.6029493967149854,0.7555276381730333,0.012064243969859537
-0.13050339814050665,-0.40319787866570916,0.9057595341553145,0.011063444530713491
-0.14790138769519376,-0.49984417139322684,0.8533938034940578,0.011529265559872914
-0.09363673078478363,-0.5601629114482318,0.8230733110032049,0.011610463711853973
0.7310894510808227,-0.3367342710304588,0.5933955217491341,0.01236820600544927
0.7732810075192637,-0.3884758038448697,0.5011217748582423,0.012556881355373454
0.7527007729956667,-0.4783146314715748,0.45238994203224436,0.012479227366028089
-0.2670277997588022,-0.7592308323188933,0.5935189107453389,0.012420126799221965
-0.24803567656627926,-0.8290132928667412,0.5012137901141098,0.012521344569488363
-0.16308694612357733,-0.8767440858926695,0.45246265686387066,0.012507854799928728
-0.10034633241212525,-0.8595274329298904,0.5011419016729572,0.01254910911168952
-0.3873979805459619,0.17265295072743134,0.9056013268950204,0.010959603020480175
-0.4804439047889045,0.20148570689552245,0.8535673167758953,0.011418700886977355
-0.42110832330453585,0.04491027385115343,0.9058978128609523,0.01115422797350837
-0.36216245409742626,0.086524718728304,0.9280904211827193,0.01077468687288336
-0.5505546098149934,0.1391437281443337,0.823121281786321,0.011636207825309367
-0.5166768707007431,0.06879164592069066,0.8534123978091777,0.011517418669108256
0.7345779918779343,-0.6090472004658469,0.2990930983043508,0.0125902474290065
0.475456257838529,-0.3106946381109205,-0.8230493233891311,0.01159759130797622
0.4708917939998519,-0.22341992190067161,-0.853430991259105,0.011505571940218106
0.5369474749508193,-0.1846739728581539,-0.8231542582607011,0.011653906365456863
0.5463610573732096,-0.3614923291206334,-0.7555216019234448,0.01206734692854146
-0.5679742486931421,7.063982878574943e-17,-0.8230463248332143,0.011595982241237425
-0.5505546098149936,-0.13914372814433357,-0.8231212817863209,0.01163620782530929
-0.5166768707007433,-0.06879164592069048,-0.8534123978091774,0.01151741866910827
-0.6394171398366912,-0.14233713619120392,-0.7555698915017406,0.01204252242748991
-0.6923760495733293,-0.0719507790772306,-0.7179404511290682,0.011797112209982436
-0.6551260560935104,8.131310914892409e-17,-0.7555195898369298,0.012068381241501263
0.7321286625693239,0.24098624500348018,0.6371132169117008,0.012063237184240912
0.6695840375705178,0.1898347383036343,0.7180668414318782,0.01185470404392235
0.6117788398815884,0.23410968472893562,0.7555920239052659,0.012031143896044877
0.7310894510808228,0.33673427103045844,0.593395521749134,0.012368206005449292
-0.26702779975880186,0.7592308323188933,0.5935189107453389,0.012420126799222024
-0.20485364575524365,0.7430205682934973,0.6371463088754369,0.012049037116128805
-0.34161036975068093,0.6907961508784316,0.6372621385351136,0.011999324778804783
-0.33404896741274687,0.6106834682637696,0.7179672617604588,0.011809327644358818
-0.22804815952664584,0.520162513640081,0.8230583189180107,0.011602418486525662
-0.14790138769519343,0.49984417139322695,0.8533938034940577,0.01152926555987283
-0.25618355325374265,0.6029493967149855,0.7555276381730331,0.01206424396985957
-0.20135606010835685,0.6663585704050917,0.7179289607651457,0.011791877191238555
0.07613316444347958,0.951201076156989,0.29903219557366745,0.01256674990951235
0.15144999283530872,0.9239018633899457,0.3513804867871448,0.012645950199628843
0.22904547115706989,0.736094904183476,0.6369477719386065,0.012134214481366664
0.3641029695300891,0.6795201522801578,0.6369312288030178,0.012141310098899464
0.31384159476821094,0.7413039945307571,0.5932721475731767,0.01231630768215673
0.31276477655790486,0.6216053321083683,0.7181817358016904,0.011907070792769476
0.2239775908175027,0.6585984791530357,0.7183885314152054,0.012001356193487899
0.18350835355835798,0.5367360145156193,0.8235527517385814,0.011867862869867511
0.1246741062187728,0.5055627215532008,0.8537345616842924,0.011312098395935753
0.16536521491203135,0.6335065883375219,0.7558596088097652,0.011893535542586526
0.08381336337959495,0.6908334262270938,0.718139608520749,0.011887868487110409
-0.8220936080258914,0.48444900906179517,-0.2991174639870041,0.012599650224969722
-0.8496171889554869,0.39319450202696,-0.3514949726626933,0.012606360625107211
-0.8886748960251774,0.34751786043013516,-0.2991458939325448,0.01261062289064915
0.26425093537456346,0.041601422960210535,0.9635563111522616,0.01032758457254935
0.19459411125897635,0.08060352004140699,0.9775664705892196,0.011235479068138775
0.21627027662041656,0.15743698005606735,0.9635563111522616,0.01032758457254935
0.31142296806159614,0.20466474903440374,0.9279698677577793,0.010881620659215427
0.38478839255082364,0.4176765111828402,0.8230942989501775,0.011621726875477004
0.39606906111663703,0.3388771693885281,0.8534000016952218,0.011525316578306664
0.29348999931602326,0.4305351259944217,0.8535239455261042,0.011446340728470434
0.31530745068342825,0.2834783073361203,0.9056606764199081,0.010998554704102789
0.21226856712909092,0.36601836351758804,0.906075390338392,0.011270842579869496
0.22292723121116415,0.2978725135385242,0.9282108678865842,0.01066782680530148
0.752700772995667,0.4783146314715744,0.4523899420322443,0.012479227366028103
0.694116630991182,0.5168443213080892,0.501072899000766,0.01257575347528879
0.4755534885241392,0.7230635672163709,0.5010269027875229,0.012593511163171353
0.44462785506859537,0.6710728751532633,0.5932682923691718,0.012314686221597702
-0.3484296785449535,0.4482741018480478,0.8231932268437261,0.011674822255951038
-0.2734786861240008,0.44364697430167715,0.853455781179586,0.01148977655372915
-0.37977404831392897,0.3563912423198921,0.8536726273138512,0.011351579254844892
-0.31530745068342825,0.2834783073361203,0.9056606764199081,0.010998554704102789
-0.2229272312111641,0.2978725135385242,0.9282108678865842,0.01066782680530148
-0.2122685671290909,0.36601836351758815,0.906075390338392,0.011270842579869456
-0.8220936080258914,0.4844490090617953,0.29911746398700434,0.012599650224969663
-0.8886748960251772,0.3475178604301351,0.299145893932545,0.012610622890649103
-0.8496171889554868,0.39319450202695994,0.3514949726626936,0.01260636062510727
-0.7506881978622499,0.2905969587935685,0.5933132706507217,0.012333604626699033
-0.7494955364753987,0.4326102834291808,0.5011035656177056,0.012563912696322694
-0.8126701039219577,0.36731889780599847,0.45237609298686493,0.01247377585696363
-0.8132435876448487,0.29592786513900143,0.5010604412531569,0.012580563261471537
-0.5512662087009115,0.42438898694013133,0.7183310900333162,0.011975162550182016
-0.6046207687467834,0.34435840121688666,0.7182276919691962,0.01192802029953269
-0.6061714129396641,0.47611093004746774,0.6370828834806869,0.01207625256375499
-0.6845276801619185,0.42347678743196276,0.5933711027665963,0.012357932678836584
-0.6853162550047942,0.3529332626788395,0.6370084322213272,0.012108193931569058
-0.041601422960210625,-0.26425093537456346,0.9635563111522616,0.010327584572549339
-0.06429558643792394,-0.3669651189345887,0.9280100640887072,0.010845967877789573
-0.12308813154911076,-0.7954238079976825,0.5934225118262828,0.012379561758909407
-0.06067047082162082,-0.7684267226391094,0.637055308355876,0.012088083606767998
-0.204853645755244,-0.7430205682934972,0.6371463088754368,0.012049037116128656
-0.20135606010835727,-0.6663585704050917,0.7179289607651457,0.011791877191238488
-0.11904843447640094,-0.6441973737215128,0.7555376985558191,0.012059072306050474
-0.060034476319027905,-0.6934633182808224,0.7179864120246642,0.011818053289405295
0.08572693993594989,-0.7660912079732761,0.6369891308611669,0.012116473757453582
0.025063643498231074,-0.8045548307772025,0.5933492546954625,0.012348741501098555
0.6163494436843671,-0.3235094636278911,-0.7179519414370056,0.011802347329181312
0.732128662569324,-0.24098624500348054,-0.6371132169117005,0.01206323718424091
0.6695840375705179,-0.18983473830363462,-0.7180668414318779,0.011854704043922363
0.6117788398815885,-0.23410968472893595,-0.7555920239052657,0.012031143896044741
0.7310894510808228,-0.3367342710304588,-0.5933955217491338,0.012368206005449333
0.6734147462643084,-0.3751062951058558,-0.6370304913312514,0.012098730633354116
0.5463610573732096,0.36149232912063317,0.7555216019234449,0.012067346928541466
0.616349443684367,0.3235094636278909,0.7179519414370058,0.011802347329181355
0.6568661629703788,0.4652809709160799,0.5933299773717503,0.012340632223531664
0.6734147462643083,0.3751062951058555,0.6370304913312518,0.012098730633354095
-0.012583543202116111,0.8917235543776023,0.45240552274331897,0.012485360824495709
-0.16308694612357713,0.8767440858926695,0.45246265686387066,0.012507854799928893
-0.10034633241212493,0.8595274329298905,0.5011419016729574,0.012549109111689542
-0.1514499928353087,0.9239018633899457,0.3513804867871448,0.012645950199628895
-0.07613316444347955,0.951201076156989,0.29903219557366745,0.012566749909512422
5.707835372388455e-17,0.9362336403389131,0.3513781021887202,0.012646774594677578
0.199631537266586,0.8420785276329912,0.5010499003373151,0.012584632841268444
0.13829101024643733,0.8810462134359026,0.4523639754393331,0.012469006137033953
0.050403915580857286,0.8639276528732046,0.5010872737309475,0.012570203341302912
0.17238009517435063,0.7863086161932245,0.5932991344069013,0.012327658520427588
0.08572693993595003,0.766091207973276,0.6369891308611668,0.012116473757453679
0.025063643498231338,0.8045548307772025,0.5933492546954625,0.012348741501098527
-0.011962233211566732,0.5209772015440893,0.853486766416376,0.011470032726104789
0.046450942824693545,0.5657925410183808,0.823238185726744,0.011698955212421735
-0.09363673078478336,0.5601629114482318,0.8230733110032049,0.01161046371185396
0.02376721188646322,0.65454616004712,0.7556483600238367,0.012002178560653373
-0.06003447631902763,0.6934633182808224,0.7179864120246642,0.011818053289405318
-0.11904843447640058,0.6441973737215128,0.7555376985558191,0.012059072306050488
0.42110832330453585,0.04491027385115335,0.9058978128609523,0.011154227973508367
0.3621624540974263,0.0865247187283039,0.9280904211827193,0.010774686872883348
0.3873979805459619,0.17265295072743128,0.9056013268950204,0.010959603020480175
0.512645594798608,0.0923727204488528,0.8536168781429169,0.011387113583239796
0.5369474749508192,0.18467397285815376,0.8231542582607013,0.011653906365457004
0.4708917939998519,0.22341992190067134,0.8534309912591052,0.011505571940218121
0.8220936080258914,0.4844490090617951,0.2991174639870043,0.01259965022496962
0.7748310656500476,0.525461610089111,0.3514639612053713,0.012617086403090385
0.7345779918779344,0.6090472004658467,0.2990930983043508,0.012590247429006541
0.5503949512297673,0.701755242073965,0.4523328176050159,0.012456742644921108
0.6796312680216173,0.6438888615147464,0.3514377235650324,0.012626159971313857
0.6610598168610016,0.5986452612615195,0.45235358924278024,0.012464918066020927
0.5938582464740426,0.6295157048979555,0.5010412761256355,0.012587962334328144
0.6283562906818805,0.7181391473167763,0.29907279557265243,0.012582413419518204
0.566525711956473,0.7453557748308814,0.35141625832973017,0.012633582375168208
0.6283562906818805,-0.7181391473167764,0.29907279557265243,0.012582413419518204
0.6796312680216172,-0.6438888615147466,0.3514377235650324,0.012626159971313857
0.6941166309911819,-0.5168443213080894,0.501072899000766,0.01257575347528879
0.6610598168610015,-0.5986452612615196,0.45235358924278035,0.012464918066020927
0.5938582464740425,-0.6295157048979556,0.5010412761256355,0.012587962334328257
0.3153074506834282,-0.28347830733612034,0.9056606764199081,0.010998554704102789
0.39606906111663687,-0.3388771693885282,0.8534000016952218,0.011525316578306664
0.15743698005606735,-0.21627027662041656,0.9635563111522616,0.01032758457254935
0.08060352004140701,-0.19459411125897635,0.9775664705892196,0.011235479068138775
0.041601422960210535,-0.26425093537456346,0.9635563111522616,0.01032758457254935
0.22292723121116415,-0.2978725135385242,0.9282108678865842,0.010667826805301466
0.21226856712909103,-0.36601836351758804,0.906075390338392,0.01127084257986945
-7.434269292720348e-17,-0.4241722270516702,0.9055815379070107,0.010946616162979306
-0.011962233211566935,-0.5209772015440893,0.853486766416376,0.011470032726104787
0.06429558643792381,-0.3669651189345887,0.9280100640887072,0.010845967877789573
0.1305033981405065,-0.4031978786657093,0.9057595341553145,0.01106344453071339
0.07613316444347942,-0.951201076156989,0.29903219557366745,0.01256674990951235
-1.7123506117165361e-16,-0.9362336403389131,0.3513781021887202,0.012646774594677633
-0.01258354320211639,-0.8917235543776023,0.45240552274331897,0.012485360824495794
0.050403915580857085,-0.8639276528732046,0.5010872737309475,0.012570203341302995
0.22904547115706986,-0.736094904183476,0.6369477719386065,0.012134214481366664
0.17238009517435046,-0.7863086161932246,0.5932991344069011,0.012327658520427425
0.5366759257833461,0.4433412437904314,0.7179327908926725,0.011793622186324166
0.43400157975113884,0.5441554388021045,0.7180093921360675,0.011828524431640185
0.4547360945247335,0.47154701516252945,0.7555517830219858,0.012051831838117743
0.5903773316889744,0.4957020571903818,0.6369725871064077,0.0121235703350363
0.48601609416964514,0.5984115883862106,0.6369395003398479,0.012137762338134642
0.5602826639083651,0.5780079563004753,0.5932875685340913,0.0123227937438052
0.5061332335613566,-0.8089464302266324,0.2990565546987952,0.012576147294178688
0.5665257119564729,-0.7453557748308814,0.35141625832973017,0.012633582375168326
0.5503949512297672,-0.7017552420739652,0.452332817605016,0.012456742644921213
0.3127647765579047,-0.6216053321083684,0.7181817358016904,0.011907070792769436
0.22397759081750265,-0.6585984791530357,0.7183885314152054,0.01200135619348784
0.560282663908365,-0.5780079563004754,0.5932875685340911,0.012322793743805252
0.4860160941696449,-0.5984115883862108,0.6369395003398479,0.012137762338134708
0.47555348852413887,-0.7230635672163711,0.5010269027875229,0.012593511163171407
0.4446278550685951,-0.6710728751532634,0.5932682923691718,0.012314686221597853
0.36410296953008886,-0.6795201522801579,0.6369312288030177,0.01214131009889951
0.31384159476821094,-0.7413039945307572,0.5932721475731767,0.01231630768215673
0.22646068063846078,-0.9269805166093719,0.29903625524572613,0.012568315990031938
0.1514499928353085,-0.9239018633899458,0.35138048678714484,0.012645950199628803
0.13829101024643714,-0.8810462134359027,0.4523639754393331,0.01246900613703386
0.19963153726658572,-0.8420785276329913,0.501049900337315,0.012584632841268246
0.29348999931602326,-0.4305351259944218,0.8535239455261042,0.01144634072847046
0.270585434160916,-0.49897748105286444,0.8232891328215663,0.011726304905712772
0.38478839255082353,-0.4176765111828403,0.8230942989501774,0.011621726875477039
0.3413311962757404,-0.558960533252386,0.7556825634584803,0.01198459120302137
0.4547360945247333,-0.4715470151625296,0.7555517830219858,0.01205183183811773
0.43400157975113857,-0.5441554388021046,0.7180093921360675,0.011828524431640206
0.04645094282469328,-0.5657925410183808,0.8232381857267439,0.011698955212421668
0.16536521491203118,-0.6335065883375219,0.7558596088097651,0.011893535542586462
0.12467410621877269,-0.5055627215532008,0.8537345616842924,0.011312098395935753
0.1835083535583579,-0.5367360145156193,0.8235527517385814,0.011867862869867449
0.0838133633795948,-0.6908334262270938,0.718139608520749,0.011887868487110395
0.023767211886462972,-0.65454616004712,0.7556483600238367,0.012002178560653304
0.5366759257833461,-0.44334124379043144,0.7179327908926724,0.011793622186324166
0.616349443684367,-0.32350946362789107,0.7179519414370057,0.01180234732918124
0.5463610573732095,-0.3614923291206332,0.7555216019234449,0.01206734692854145
0.6734147462643082,-0.37510629510585575,0.6370304913312517,0.012098730633354015
0.6568661629703787,-0.46528097091608017,0.5933299773717503,0.012340632223531664
0.5903773316889744,-0.49570205719038196,0.6369725871064076,0.0121235703350363
0.37102114714469636,-0.8791562831868346,0.2990443748083951,0.012571448331372706
0.29890974499685063,-0.8872314750400077,0.3513876407107253,0.012643476919554508
0.43849416894239684,-0.827188739032446,0.3513995643443919,0.012639354469649826
0.4238918823028908,-0.7846753417258704,0.45232762485293854,0.012454698939829064
0.34279911797711055,-0.7946432701862115,0.5010297774203434,0.01259240143002735
0.285192731253182,-0.84501800594401,0.45233801042003896,0.012458786410084657
-0.9050212537515337,-0.4024717783481474,-0.13766988738021724,0.012996989946014875
-0.9163491414745073,-0.35119268007737336,-0.19227051874638762,0.012640369224727244
-0.8227373577922636,-0.5349161501712204,-0.1922705187463876,0.012640369224727362
-0.8575646544063542,-0.49561059877854574,-0.13766988738021724,0.012996989946014998
-0.10309883547777851,-0.9759112038213932,0.19227051874638776,0.012640369224727303
-0.0522660709556759,-0.9890982054050924,0.13766988738021732,0.012996989946014953
0.9687445503324785,-0.20635163752643734,0.13766988738021732,0.012996989946014996
0.947767906296318,-0.2544956648269056,0.19227051874638773,0.012640369224727244
0.9050212537515335,-0.4024717783481478,-0.13766988738021724,0.012996989946014937
0.9163491414745072,-0.35119268007737353,-0.19227051874638762,0.012640369224727355
0.8575646544063539,-0.4956105987785463,-0.13766988738021724,0.012996989946014883
0.8227373577922634,-0.534916150171221,-0.19227051874638762,0.012640369224727185
0.9245371893518447,-0.3553561419394765,0.13766988738021732,0.012996989946014946
0.8962874174568836,-0.39962596628530683,0.19227051874638773,0.012640369224727183
0.9131757705967204,-0.4066245130448208,-0.02768605038910805,0.012998087868615147
0.9332397303748625,-0.35818582923352194,0.02768605038910818,0.012998087868615197
-0.9941356520091464,-0.10453606085079513,-0.027686050389108055,0.012998087868615147
-0.9982492352159863,-0.05226803042539751,0.027686050389108183,0.012998087868615197
0.4066245130448206,0.9131757705967205,0.027686050389108183,0.012998087868615308
0.35818582923352177,0.9332397303748626,-0.027686050389108055,0.01299808786861531
-0.10453606085079542,-0.9941356520091463,0.027686050389108183,0.012998087868615256
-0.05226803042539782,-0.9982492352159863,-0.027686050389108055,0.012998087868615256
-0.2587661273735464,-0.9655431497027719,-0.027686050389108055,0.012998087868615308
-0.20778510932486974,-0.9777826092525391,0.027686050389108183,0.012998087868615256
-0.8383229733619503,-0.5444704536955431,-0.027686050389108055,0.01299808786861519
-0.8657173920902645,-0.499766825275831,0.027686050389108183,0.01299808786861519
-0.7768782184611043,-0.6290419034488502,-0.02768605038910805,0.012998087868615147
-0.7428278822885723,-0.6689097247824453,0.02768605038910818,0.012998087868615147
-0.3581858292335219,-0.9332397303748625,-0.02768605038910805,0.012998087868615308
-0.4066245130448208,-0.9131757705967205,0.027686050389108183,0.01299808786861519
0.05226803042539743,-0.9982492352159863,0.027686050389108183,0.012998087868615197
0.10453606085079507,-0.9941356520091464,-0.027686050389108055,0.012998087868615147
-0.9890982054050924,-0.0522660709556756,0.13766988738021732,0.012996989946014878
-0.9759112038213932,-0.1030988354777782,0.19227051874638773,0.012640369224727178
0.7629753157568072,-0.617171544359261,-0.19227051874638762,0.012640369224727253
0.736355741500121,-0.6624403551026502,-0.13766988738021724,0.012996989946015057
0.9982492352159863,-0.05226803042539771,-0.027686050389108055,0.012998087868615256
0.9941356520091463,-0.10453606085079542,0.027686050389108183,0.012998087868615256
0.9777826092525391,-0.2077851093248698,0.027686050389108183,0.012998087868615256
0.9655431497027719,-0.2587661273735465,-0.027686050389108055,0.012998087868615256
0.10310645974315877,-0.9850969800318904,-0.1376698873802172,0.01299698994601495
0.05083662936622918,-0.9800243286447922,-0.19227051874638762,0.012640369224727303
-0.6171715443592608,0.7629753157568074,0.19227051874638776,0.012640369224727346
-0.66244035510265,0.7363557415001212,0.13766988738021735,0.01299698994601505
-0.6689097247824453,0.7428278822885723,0.027686050389108183,0.01299808786861531
-0.6290419034488504,0.7768782184611042,-0.02768605038910806,0.012998087868615308
-0.7428278822885722,0.6689097247824455,0.027686050389108183,0.01299808786861531
-0.7768782184611039,0.6290419034488505,-0.027686050389108055,0.012998087868615308
-0.49021750315141926,0.8501287239147864,-0.19227051874638762,0.012640369224727407
-0.5390931985737161,0.8309184829815006,-0.13766988738021724,0.012996989946015109
-0.35535614193947623,0.9245371893518449,-0.13766988738021724,0.012996989946014944
-0.3996259662853066,0.8962874174568836,-0.19227051874638762,0.012640369224727348
-0.5444704536955433,0.8383229733619502,-0.02768605038910806,0.012998087868615308
-0.49976682527583133,0.8657173920902644,0.027686050389108183,0.01299808786861519
-0.3581858292335217,0.9332397303748626,-0.027686050389108055,0.012998087868615197
-0.40662451304482056,0.9131757705967205,0.027686050389108183,0.012998087868615147
0.9050212537515336,0.4024717783481476,-0.13766988738021724,0.012996989946015003
0.9163491414745073,0.3511926800773733,-0.19227051874638762,0.012640369224727405
0.8227373577922636,0.5349161501712206,-0.19227051874638762,0.012640369224727303
0.857564654406354,0.4956105987785461,-0.13766988738021724,0.01299698994601495
0.8657173920902643,0.4997668252758314,-0.027686050389108055,0.012998087868615147
0.83832297336195,0.5444704536955434,0.027686050389108183,0.012998087868615197
0.9568393976608662,0.25594016721239576,-0.13766988738021724,0.012996989946015109
0.9600060019826842,0.2035203276781406,-0.19227051874638762,0.012640369224727303
0.9890982054050925,0.052266070955675724,-0.13766988738021724,0.012996989946014935
0.9759112038213932,0.10309883547777833,-0.19227051874638762,0.012640369224727303
0.9982492352159863,0.05226803042539763,-0.027686050389108055,0.012998087868615197
0.9941356520091464,0.10453606085079525,0.027686050389108183,0.012998087868615147
0.7768782184611042,0.6290419034488504,-0.02768605038910806,0.012998087868615197
0.7428278822885723,0.6689097247824453,0.027686050389108183,0.012998087868615248
0.7694760315754642,0.6236614778384132,-0.13766988738021724,0.012996989946014935
0.7289287738700542,0.6570349231549981,-0.19227051874638762,0.012640369224727407
-0.25594016721239576,0.9568393976608662,-0.13766988738021724,0.012996989946014935
-0.20352032767814068,0.9600060019826842,-0.19227051874638762,0.012640369224727355
0.20352032767814063,0.9600060019826842,-0.19227051874638762,0.012640369224727237
0.2559401672123958,0.9568393976608662,-0.13766988738021724,0.012996989946015109
-0.25594016721239576,0.9568393976608661,0.13766988738021732,0.012996989946014878
-0.20352032767814068,0.9600060019826842,0.19227051874638773,0.012640369224727228
-0.10453606085079535,0.9941356520091463,-0.027686050389108055,0.012998087868615256
-0.05226803042539765,0.9982492352159863,0.027686050389108183,0.012998087868615256
-0.2587661273735463,0.965543149702772,0.027686050389108183,0.012998087868615197
-0.20778510932486968,0.9777826092525392,-0.02768605038910806,0.012998087868615197
0.4024717783481477,0.9050212537515336,-0.13766988738021724,0.0129969899460151
0.3511926800773734,0.9163491414745073,-0.19227051874638762,0.012640369224727464
-0.20635163752643726,-0.9687445503324785,-0.1376698873802172,0.012996989946015057
-0.25449566482690555,-0.947767906296318,-0.19227051874638762,0.012640369224727405
-0.10310645974315912,-0.9850969800318904,-0.1376698873802172,0.01299698994601505
-0.05083662936622954,-0.9800243286447922,-0.19227051874638762,0.012640369224727362
-0.9332397303748626,-0.35818582923352177,-0.027686050389108055,0.012998087868615135
-0.9131757705967206,-0.40662451304482033,0.027686050389108183,0.012998087868615067
-0.9777826092525392,-0.2077851093248696,0.027686050389108183,0.01299808786861519
-0.9655431497027719,-0.2587661273735464,-0.027686050389108055,0.012998087868615256
-0.6171715443592609,-0.7629753157568072,0.19227051874638773,0.012640369224727178
-0.6624403551026501,-0.736355741500121,0.13766988738021732,0.012996989946014946
-0.5349161501712208,-0.8227373577922634,0.19227051874638773,0.012640369224727185
-0.49561059877854624,-0.8575646544063538,0.13766988738021735,0.012996989946015005
-0.6689097247824455,-0.7428278822885722,0.027686050389108183,0.01299808786861519
-0.6290419034488505,-0.7768782184611039,-0.027686050389108055,0.01299808786861531
-0.4997668252758315,-0.8657173920902643,0.027686050389108183,0.01299808786861519
-0.5444704536955435,-0.83832297336195,-0.027686050389108055,0.01299808786861531
-0.7629753157568074,-0.6171715443592607,-0.19227051874638762,0.012640369224727303
-0.7363557415001212,-0.6624403551026499,-0.1376698873802172,0.01299698994601495
-0.6624403551026502,-0.7363557415001211,-0.13766988738021724,0.012996989946015003
-0.6171715443592609,-0.7629753157568072,-0.19227051874638762,0.012640369224727303
-0.40247177834814774,-0.9050212537515335,-0.1376698873802172,0.012996989946015057
-0.35119268007737353,-0.9163491414745072,-0.19227051874638762,0.012640369224727355
-0.4956105987785462,-0.8575646544063539,-0.1376698873802172,0.01299698994601505
-0.5349161501712208,-0.8227373577922634,-0.19227051874638762,0.012640369224727294
-0.947767906296318,-0.25449566482690555,-0.19227051874638762,0.012640369224727303
-0.9687445503324786,-0.20635163752643712,-0.13766988738021724,0.012996989946015003
-0.9850969800318904,-0.10310645974315882,-0.1376698873802172,0.01299698994601495
-0.9800243286447922,-0.05083662936622924,-0.19227051874638762,0.012640369224727305
-0.8309184829815006,-0.5390931985737158,0.13766988738021732,0.012996989946014944
-0.8501287239147867,-0.49021750315141893,0.19227051874638776,0.012640369224727232
-0.7694760315754642,-0.6236614778384131,0.13766988738021735,0.012996989946014878
-0.7289287738700542,-0.6570349231549981,0.19227051874638776,0.012640369224727178
-0.20352032767814074,-0.9600060019826842,0.19227051874638773,0.012640369224727296
-0.25594016721239593,-0.9568393976608661,0.13766988738021732,0.012996989946014996
-0.35535614193947646,-0.9245371893518448,0.13766988738021735,0.012996989946014996
-0.39962596628530683,-0.8962874174568836,0.19227051874638776,0.012640369224727244
-0.9890982054050924,0.052266070955675835,0.13766988738021732,0.012996989946014954
-0.9759112038213932,0.10309883547777846,0.19227051874638776,0.012640369224727303
-0.9600060019826842,0.20352032767814068,0.19227051874638773,0.012640369224727303
-0.9568393976608661,0.2559401672123959,0.13766988738021732,0.012996989946015006
-0.9982492352159863,0.052268030425397745,0.027686050389108183,0.012998087868615256
-0.9941356520091463,0.10453606085079536,-0.027686050389108055,0.012998087868615256
-0.9777826092525392,0.20778510932486968,-0.02768605038910806,0.012998087868615256
-0.965543149702772,0.2587661273735464,0.027686050389108183,0.012998087868615308
0.6624403551026499,-0.7363557415001213,-0.13766988738021724,0.012996989946015057
0.6171715443592607,-0.7629753157568075,-0.19227051874638762,0.012640369224727355
0.5349161501712205,-0.8227373577922636,-0.19227051874638762,0.012640369224727355
0.4956105987785459,-0.8575646544063541,-0.13766988738021724,0.012996989946014953
0.8575646544063539,-0.49561059877854624,0.13766988738021732,0.012996989946014824
0.8227373577922634,-0.534916150171221,0.19227051874638773,0.012640369224727072
0.7768782184611039,-0.6290419034488506,-0.027686050389108055,0.01299808786861519
0.742827882288572,-0.6689097247824456,0.027686050389108183,0.012998087868615308
0.8383229733619499,-0.5444704536955436,-0.02768605038910805,0.012998087868615083
0.8657173920902642,-0.4997668252758316,0.02768605038910818,0.012998087868615067
0.947767906296318,-0.2544956648269056,-0.19227051874638762,0.012640369224727355
0.9687445503324785,-0.20635163752643734,-0.1376698873802172,0.012996989946015057
0.9850969800318904,-0.10310645974315912,-0.1376698873802172,0.01299698994601505
0.9800243286447922,-0.05083662936622945,-0.19227051874638762,0.012640369224727362
-0.66244035510265,0.7363557415001212,-0.13766988738021724,0.012996989946015109
-0.6171715443592608,0.7629753157568074,-0.19227051874638762,0.012640369224727457
-0.9800243286447922,0.05083662936622948,-0.19227051874638762,0.012640369224727362
-0.9850969800318904,0.10310645974315906,-0.1376698873802172,0.01299698994601505
-0.83832297336195,0.5444704536955435,-0.027686050389108055,0.012998087868615308
-0.8657173920902643,0.4997668252758315,0.027686050389108183,0.012998087868615256
-0.9332397303748625,0.3581858292335218,-0.02768605038910805,0.012998087868615308
-0.9131757705967205,0.40662451304482067,0.027686050389108183,0.012998087868615256
0.9759112038213932,-0.1030988354777785,0.19227051874638773,0.012640369224727305
0.9890982054050924,-0.05226607095567581,0.13766988738021732,0.012996989946014953
0.965543149702772,0.25876612737354626,-0.02768605038910806,0.012998087868615362
0.9777826092525392,0.20778510932486957,0.027686050389108183,0.01299808786861519
0.9332397303748626,0.3581858292335217,-0.027686050389108055,0.012998087868615362
0.9131757705967205,0.40662451304482056,0.027686050389108183,0.01299808786861519
0.9163491414745073,0.35119268007737336,0.19227051874638776,0.01264036922472728
0.9050212537515336,0.4024717783481476,0.13766988738021735,0.012996989946014946
0.49976682527583144,0.8657173920902643,-0.027686050389108055,0.012998087868615308
0.5444704536955435,0.83832297336195,0.027686050389108183,0.012998087868615256
0.6689097247824454,0.7428278822885723,-0.027686050389108055,0.012998087868615308
0.6290419034488504,0.776878218461104,0.027686050389108183,0.012998087868615256
0.4956105987785461,0.857564654406354,-0.13766988738021724,0.0129969899460151
0.5349161501712206,0.8227373577922636,-0.19227051874638762,0.012640369224727296
0.6624403551026501,0.7363557415001211,-0.13766988738021724,0.012996989946015109
0.6171715443592608,0.7629753157568073,-0.19227051874638762,0.012640369224727303
-0.10309883547777844,0.9759112038213932,-0.19227051874638762,0.012640369224727412
-0.052266070955675745,0.9890982054050925,-0.13766988738021724,0.012996989946014998
0.10309883547777839,0.9759112038213932,-0.19227051874638762,0.012640369224727253
0.05226607095567578,0.9890982054050925,-0.13766988738021724,0.01299698994601495
0.05226803042539768,0.9982492352159863,0.027686050389108183,0.012998087868615197
0.10453606085079531,0.9941356520091463,-0.02768605038910805,0.012998087868615147
0.2587661273735463,0.965543149702772,0.027686050389108183,0.012998087868615308
0.20778510932486963,0.9777826092525392,-0.027686050389108055,0.01299808786861519
-0.9600060019826842,-0.2035203276781406,0.19227051874638773,0.012640369224727178
-0.9568393976608661,-0.25594016721239593,0.13766988738021732,0.012996989946014944
-0.9245371893518448,-0.35535614193947634,0.13766988738021732,0.01299698994601482
-0.8962874174568838,-0.3996259662853064,0.19227051874638773,0.012640369224727123
0.05083662936622918,-0.9800243286447922,0.19227051874638773,0.012640369224727178
0.10310645974315877,-0.9850969800318904,0.13766988738021732,0.012996989946014878
0.20778510932486935,-0.9777826092525392,-0.027686050389108055,0.01299808786861519
0.25876612737354604,-0.965543149702772,0.02768605038910818,0.01299808786861531
0.35818582923352166,-0.9332397303748626,0.027686050389108183,0.012998087868615189
0.40662451304482045,-0.9131757705967206,-0.027686050389108055,0.012998087868615015
-0.5349161501712206,0.8227373577922636,0.19227051874638776,0.012640369224727355
-0.495610598778546,0.857564654406354,0.13766988738021735,0.012996989946015005
-0.40247177834814757,0.9050212537515336,0.13766988738021735,0.012996989946014928
-0.3511926800773732,0.9163491414745073,0.19227051874638773,0.012640369224727178
-0.9568393976608661,0.25594016721239593,-0.13766988738021724,0.01299698994601505
-0.9600060019826842,0.2035203276781407,-0.19227051874638762,0.012640369224727414
0.9687445503324785,0.2063516375264371,0.13766988738021732,0.012996989946014946
0.9477679062963181,0.25449566482690533,0.19227051874638776,0.012640369224727296
0.9850969800318904,0.10310645974315895,0.13766988738021732,0.012996989946014878
0.9800243286447922,0.05083662936622937,0.19227051874638773,0.012640369224727178
-0.10309883547777844,0.9759112038213932,0.19227051874638776,0.012640369224727303
-0.052266070955675745,0.9890982054050924,0.13766988738021732,0.012996989946014953
0.05226607095567578,0.9890982054050924,0.13766988738021732,0.012996989946014878
0.10309883547777839,0.9759112038213932,0.19227051874638773,0.012640369224727128
0.2559401672123958,0.9568393976608661,0.13766988738021732,0.012996989946015048
0.20352032767814063,0.9600060019826842,0.19227051874638773,0.012640369224727128
0.3553561419394764,0.9245371893518448,0.13766988738021735,0.012996989946015048
0.3996259662853068,0.8962874174568836,0.19227051874638776,0.012640369224727348
0.5390931985737162,0.8309184829815004,0.13766988738021732,0.012996989946014944
0.49021750315141943,0.8501287239147863,0.19227051874638776,0.012640369224727296
0.20352032767814038,-0.9600060019826842,-0.19227051874638762,0.012640369224727305
0.2559401672123956,-0.9568393976608662,-0.13766988738021724,0.012996989946015057
0.3996259662853066,-0.8962874174568837,-0.19227051874638762,0.012640369224727254
0.3553561419394761,-0.924537189351845,-0.1376698873802172,0.012996989946014934
-0.769476031575464,0.6236614778384133,-0.1376698873802172,0.012996989946015005
-0.7289287738700541,0.6570349231549983,-0.19227051874638762,0.012640369224727407
0.6624403551026501,0.7363557415001211,0.13766988738021735,0.012996989946015048
0.6171715443592608,0.7629753157568073,0.19227051874638773,0.012640369224727178
-0.7289287738700541,0.6570349231549983,0.19227051874638773,0.012640369224727296
-0.769476031575464,0.6236614778384133,0.13766988738021732,0.012996989946014944
0.6290419034488501,-0.7768782184611043,-0.027686050389108055,0.012998087868615256
0.6689097247824451,-0.7428278822885724,0.027686050389108183,0.012998087868615308
0.5444704536955431,-0.8383229733619502,-0.02768605038910805,0.012998087868615256
0.4997668252758312,-0.8657173920902644,0.02768605038910818,0.012998087868615138
0.7629753157568072,-0.617171544359261,0.19227051874638773,0.012640369224727128
0.736355741500121,-0.6624403551026502,0.13766988738021735,0.012996989946014996
0.6624403551026499,-0.7363557415001213,0.13766988738021735,0.012996989946014996
0.6171715443592607,-0.7629753157568075,0.19227051874638776,0.012640369224727244
0.20352032767814038,-0.9600060019826842,0.19227051874638773,0.012640369224727178
0.2559401672123956,-0.9568393976608662,0.13766988738021735,0.012996989946014996
-0.9050212537515336,0.4024717783481477,-0.13766988738021724,0.0129969899460151
-0.9163491414745073,0.3511926800773735,-0.19227051874638762,0.012640369224727346
-0.857564654406354,0.49561059877854613,-0.13766988738021724,0.0129969899460151
-0.8227373577922635,0.5349161501712207,-0.19227051874638762,0.012640369224727296
-0.9163491414745073,0.3511926800773734,0.19227051874638776,0.012640369224727235
-0.9050212537515335,0.4024717783481476,0.13766988738021732,0.012996989946015057
-0.8575646544063539,0.4956105987785461,0.13766988738021732,0.012996989946015057
-0.8227373577922635,0.5349161501712207,0.19227051874638776,0.01264036922472717
0.5349161501712205,-0.8227373577922636,0.19227051874638776,0.012640369224727244
0.49561059877854585,-0.857564654406354,0.13766988738021732,0.012996989946014894
0.4024717783481474,-0.9050212537515336,0.13766988738021732,0.012996989946014774
0.3511926800773732,-0.9163491414745074,0.19227051874638776,0.012640369224727244
0.8309184829815004,0.5390931985737162,0.13766988738021732,0.012996989946014878
0.8501287239147863,0.49021750315141926,0.1922705187463877,0.012640369224727178
0.7694760315754641,0.6236614778384132,0.13766988738021732,0.012996989946014878
0.7289287738700542,0.6570349231549981,0.19227051874638776,0.012640369224727296
